/*--------------------------------*- C++ -*----------------------------------*\
  =========                 |
  \\      /  F ield         | OpenFOAM: The Open Source CFD Toolbox
   \\    /   O peration     | Website:  https://openfoam.org
    \\  /    A nd           | Version:  9
     \\/     M anipulation  |
\*---------------------------------------------------------------------------*/
FoamFile
{
    format      ascii;
    class       labelList;
    note        "nPoints:5418  nCells:5180  nFaces:18249  nInternalFaces:7651";
    location    "constant/polyMesh";
    object      neighbour;
}
// * * * * * * * * * * * * * * * * * * * * * * * * * * * * * * * * * * * * * //


7651
(
16
244
4816
24
455
4574
27
337
2337
59
169
3822
5
78
206
178
315
42
170
3763
9
1566
4971
75
207
1308
49
3951
77
282
4058
80
140
3225
41
157
4760
15
37
4244
100
105
3702
34
3404
3563
5046
65
148
1459
20
684
4153
67
193
4452
340
4514
32
198
4440
30
4432
4755
107
274
677
2708
4568
34
3280
3725
29
114
3671
3916
4661
40
664
5002
118
3535
103
1788
43
174
4858
3853
5131
76
448
2789
5059
79
295
2845
57
63
5125
46
4240
88
256
4100
50
408
968
4573
4738
48
5155
3697
3838
345
2655
55
347
5019
70
407
4775
4140
5078
48
1274
4868
4677
52
1612
74
152
69
385
4925
67
4404
62
568
4748
72
312
5095
311
3999
110
150
4774
258
1500
123
302
4201
593
4662
122
161
4167
143
155
4259
4759
316
1486
86
360
3914
429
4304
84
320
2327
4340
136
525
3913
148
4359
512
4603
74
98
537
4849
4975
116
373
4598
4529
4487
4627
4647
4682
4430
4854
182
402
364
4861
3219
4717
111
330
949
85
4166
4570
98
152
253
3287
4531
4584
714
4362
165
3844
4010
640
4047
90
94
125
95
4060
209
542
2088
93
100
1770
127
501
4384
4864
164
4815
101
248
687
102
205
3655
4680
246
348
2126
3765
204
324
336
1117
113
3864
167
289
524
114
3274
188
280
4891
4012
4653
234
245
4824
128
359
871
385
4517
442
4571
127
273
5030
4434
4473
1770
160
357
3863
4423
4591
197
216
355
167
544
179
4834
177
4830
261
539
4000
4200
4773
3975
4664
266
340
4953
126
199
203
5120
1292
440
4475
142
1301
4130
133
4397
4535
318
1331
4375
230
1574
4842
4607
4726
223
4483
4602
173
393
4821
4471
4601
158
169
4429
215
324
4802
250
2992
4822
4421
4537
171
308
4451
415
4803
258
3015
213
499
4795
327
382
4874
214
503
4798
219
398
507
771
228
513
4541
225
4914
233
424
4929
227
180
421
3641
166
593
4636
171
606
164
4567
4764
319
4875
4733
5079
172
429
4611
487
4423
205
1244
279
390
1297
278
334
631
4061
4597
4768
4673
5071
3729
346
523
3573
3202
4366
4972
3944
4353
5103
512
4948
2242
5171
268
484
1051
191
646
4819
4624
4643
226
760
4623
4646
183
3325
257
4397
4876
204
4802
260
1319
335
3680
4344
325
351
388
189
354
3451
444
650
3997
4012
4915
365
1405
507
546
4560
1285
4301
350
4604
4681
1541
4268
339
625
1304
237
4515
4613
447
2070
4485
4658
4719
4037
4060
332
4061
210
4742
4780
419
3502
4561
4070
760
4675
220
4723
4355
4993
391
3685
4743
4679
4789
4447
4691
231
4580
4846
221
443
4508
3700
3789
3739
3789
3739
3817
251
811
366
3700
3873
338
3793
3869
3793
3873
3772
3906
3792
3895
253
3813
3895
407
598
329
3843
3869
3791
3936
254
2846
3813
3934
3867
3906
468
1906
4078
4491
4666
4493
4654
602
739
3068
3853
3958
3230
4935
259
289
544
372
3867
3958
4329
4893
276
371
5126
408
3934
3936
249
389
3418
243
721
4637
400
4425
4548
4533
4640
4480
4781
556
565
737
4918
343
3443
5044
516
3167
381
1395
4713
4828
278
3210
262
3544
4285
526
285
826
275
4595
4937
4523
4780
4284
4848
3944
339
1272
397
873
325
806
267
948
476
1004
2089
397
405
1250
276
342
3669
3230
4911
459
464
4357
4526
376
1150
5140
517
1293
4549
474
617
4968
281
363
4069
323
1003
4566
4839
4974
5164
4546
293
461
905
780
547
604
676
5170
336
4276
296
4159
420
3903
5036
406
2478
5128
432
486
311
329
4221
291
410
3294
321
4515
4905
1257
292
4476
4539
412
3216
4437
5066
514
4219
423
427
3317
4576
4732
352
4324
351
540
869
313
4594
4649
306
1184
4315
303
4525
4667
307
396
4094
4585
4898
4781
4833
543
721
1660
395
4442
5147
4855
4949
392
786
341
613
331
4676
5014
401
4818
4852
4950
773
1295
853
4642
323
4405
5138
826
5107
326
4706
567
824
4860
4553
4779
344
4657
4468
5042
4619
4702
556
4481
4564
1184
503
3253
4877
5111
400
2490
333
4436
4470
440
1191
4991
5151
4567
4690
971
4395
396
825
568
4590
4067
4552
4792
4470
4589
4698
3736
349
3828
492
601
4763
4786
4870
5068
4345
5070
3545
4907
539
3253
4632
4909
380
4328
373
500
4352
478
4630
458
460
509
3605
4462
4214
4440
363
421
1319
4489
5106
433
522
653
460
842
4590
5123
377
561
977
481
558
3931
4406
2035
5172
389
1401
398
4750
403
560
1101
441
4784
5154
585
1031
4287
411
413
3841
5049
5139
424
4746
764
403
451
1282
398
1063
5088
4853
4986
582
4205
439
4696
4890
488
604
3526
3007
3874
423
803
476
4650
386
457
1000
598
3703
4952
5146
3784
4866
432
450
665
527
1148
3489
585
1376
4582
4806
469
1396
1764
5158
445
450
486
4720
4799
3210
1280
489
537
682
4550
4302
5005
404
3772
4227
3817
4802
547
1333
4645
4829
2628
5166
437
452
4457
427
803
438
2421
433
927
425
3964
480
1017
4711
3435
5145
424
4656
5089
1393
1980
5003
595
3930
5153
4579
4827
4704
4765
4248
434
649
3298
3430
492
591
500
4628
5009
2947
436
623
3005
4497
449
792
1161
469
818
2395
827
3360
435
3074
483
1540
685
4155
478
4159
552
4344
4831
4414
4883
5177
4456
4729
526
4841
4583
4845
610
622
521
524
3498
4330
4692
4521
5135
799
3748
603
558
4313
4730
4879
528
530
1690
639
4567
4774
4747
4956
496
4614
4832
519
877
485
4305
510
872
4398
582
746
574
577
1591
3419
4629
4894
590
672
541
1026
1092
519
612
1364
508
4652
4866
4708
4881
4289
3714
3826
4593
472
592
2512
497
886
619
1460
1553
4758
4766
591
601
4648
563
4533
4992
5004
580
589
1510
4718
4380
4392
633
1021
1891
580
659
950
1161
514
4364
3988
4096
4598
873
3325
596
754
532
554
4981
501
3840
5030
4176
618
4491
5012
498
637
3689
520
522
927
4701
4903
583
1613
674
1159
3054
4750
820
3701
616
732
3925
3167
572
589
659
2973
4330
4987
554
1639
4892
4589
1106
5097
867
3990
805
958
734
1065
3941
2010
3491
4746
4120
552
973
4649
4980
4674
4807
529
1046
3921
3577
619
1512
531
1257
1502
4670
4938
3872
4790
4817
4608
806
903
532
5014
890
1738
534
1628
628
1136
2041
550
690
855
536
2041
559
4191
4761
583
863
4783
557
3788
3929
5150
1092
1118
864
1119
4762
4825
4127
4976
3621
900
4493
5020
1063
5002
873
627
701
3554
4066
4471
4709
3459
3891
801
845
4324
4294
841
1848
4835
1740
569
581
1506
4847
918
1255
1940
734
4124
579
1402
685
1175
600
656
939
602
4687
638
673
1774
643
830
607
844
3089
4712
4826
3566
576
1761
573
806
3555
579
649
1540
645
858
1176
1238
592
2189
609
648
1712
696
1887
633
1752
632
653
3185
4234
1492
607
1124
3943
2919
586
616
3037
4757
791
1634
3714
4621
5048
737
740
1575
805
878
2421
4291
4558
655
1077
1757
4504
4910
862
1169
615
637
2055
2649
611
3054
5090
913
1209
3228
4686
784
810
4757
634
695
3387
613
1474
765
797
2983
713
2844
810
923
706
3588
655
1047
2875
656
1189
1236
3733
4270
4051
1062
3678
4669
4873
4381
660
778
1307
622
1199
1262
3583
866
1046
626
876
1674
753
1247
1647
2823
673
1324
695
1163
1196
3922
3997
641
922
4457
652
785
642
1502
4291
741
1471
636
892
1803
782
2730
3356
648
2209
735
4285
4502
5160
738
822
817
1378
670
947
908
1219
1475
707
3139
4793
4857
708
718
4608
1324
3979
4553
4999
706
920
3823
790
3396
3473
3916
4572
5008
877
4091
904
4298
4622
1392
3767
4084
3212
689
1547
713
1074
1704
794
3033
3191
3524
4284
5067
702
4154
763
802
729
2435
4515
753
1405
4462
692
1157
2534
880
898
1899
1233
1249
719
893
1253
686
1130
976
844
1124
982
1152
5039
982
1153
983
1154
742
961
1262
902
912
1254
712
1227
2957
963
1858
3459
804
815
859
909
2833
4321
5134
3965
756
1009
766
776
1011
1173
4408
959
1440
777
3281
704
2714
5077
1343
3649
847
4419
4946
780
785
922
1551
765
1441
702
887
969
723
726
1044
780
811
5026
708
715
1170
875
4022
1048
733
1076
1283
744
1566
758
4513
5005
4144
732
4241
1505
1057
1202
4930
763
827
931
804
847
868
720
2738
2209
1371
1475
717
724
759
916
3111
754
1495
835
4841
748
4579
808
1804
4641
771
1130
4925
1614
4771
837
3889
789
929
1563
731
752
986
991
4514
1028
1421
1675
970
1011
826
827
4933
852
3834
3785
890
1409
4374
948
4517
993
1037
3748
2234
785
1095
4578
4912
2301
4956
933
1469
833
940
775
872
3956
761
2913
812
1266
1713
977
1033
1093
1228
4657
3153
4807
788
865
1048
1090
1230
5074
769
1105
1698
775
2020
4700
1505
776
795
1220
771
839
998
1473
1913
1022
1057
934
2521
766
1094
1518
763
1029
2672
813
820
2567
925
891
1269
3989
1146
4333
4609
1140
3324
1040
1062
4758
911
3832
5092
4461
4744
1044
1200
4384
1614
4980
946
3723
797
1441
1023
1093
5068
944
947
4953
832
1100
894
1692
4694
802
1815
825
1314
1090
1248
4389
2561
5082
1096
1953
825
1315
975
1098
2932
4306
1035
1055
1812
1140
1409
849
1327
819
1085
2267
2673
906
938
1112
950
996
4376
4569
4668
2672
3053
823
1543
4529
1463
1042
1255
3809
1035
1186
913
4034
4149
1357
4947
860
1867
1107
1268
815
868
1658
862
933
1075
2147
916
1451
997
4280
1141
2727
1006
2901
4645
4722
854
1010
1029
2350
912
3187
942
1426
1545
990
1165
1499
960
4734
951
1317
1978
1559
1911
896
1277
1221
1237
1337
1170
1349
875
895
2763
1221
1302
1388
2629
5091
1222
1459
932
3905
4168
4318
5081
867
943
859
895
1865
3504
1089
3354
1052
1198
4800
3642
860
951
1836
995
3747
999
1055
1186
963
1034
4387
1225
1366
1106
4655
1142
4978
963
1013
1041
1045
1246
928
938
3490
1522
3705
2751
3107
1142
3345
5050
1229
886
1715
1118
3152
887
3966
924
1738
3258
1207
1148
3431
915
1336
1520
1191
1195
3544
888
1115
1156
3249
879
1952
1549
1009
1703
1144
1805
909
1865
928
1112
1211
980
1152
3563
1127
1928
2168
983
1153
4012
985
1154
4839
2189
928
1267
1723
1009
1222
3236
3191
917
1873
1056
1123
1263
1081
1483
3182
965
1729
989
1015
1310
1028
2054
1026
3490
3777
4689
4886
906
1132
3541
1290
1176
3497
1858
4387
1024
4364
3096
2703
4532
4885
1218
3510
3795
1070
1391
1943
1002
1173
4486
3781
1049
1374
1826
1696
3288
1828
955
4353
1079
4426
1091
2821
3125
1165
1728
1225
1238
3531
4592
1199
1322
1232
1430
1220
2846
978
1364
1454
3295
2685
3365
1224
4107
4551
3771
4540
1343
1377
3060
1143
1462
1023
1202
5022
1013
1034
1490
957
1127
2005
966
1261
4437
1199
1214
987
1007
1177
3071
3553
1195
3341
986
1233
956
1328
1346
1013
1667
3230
1130
3492
4782
992
3499
1219
2208
3558
1111
1138
4612
1050
1081
1484
1734
4880
3150
3412
959
1641
1190
3956
1783
1016
1249
995
1043
1159
1245
1482
1001
1058
1822
1104
3692
1359
3777
1024
1167
2637
4946
5169
988
1211
4619
4314
1052
1228
4555
1053
4673
1113
1143
2678
1121
3540
1526
4022
1064
1047
1129
1039
1362
3041
4480
3939
5101
1071
1230
4790
4597
1596
4634
1018
4154
1036
1102
4620
4642
4321
1193
1274
1079
1425
1036
1727
3745
5025
1037
1073
1237
3457
3244
3786
1338
1414
1177
5105
1156
4378
4863
1027
1596
4360
5117
1007
1205
3639
1080
1242
1027
1168
1488
5007
2890
3625
1078
1227
1804
1353
1450
4553
1077
1727
4435
5093
2993
3280
1420
3768
4215
1067
1647
1952
1526
1774
4303
1033
1136
1151
3498
4021
1800
3795
3770
1064
1175
1183
1204
1335
1066
1293
4086
1434
3420
1772
1375
1837
1109
1180
4955
1330
1432
4599
2156
4805
1079
1313
1277
1778
2086
1178
1448
3890
1733
5060
2059
3422
1120
1605
1274
4760
4851
1788
4951
1916
1231
3474
1367
4427
1174
1371
4831
1068
1363
2076
1210
1455
4659
4573
3014
1632
3719
1164
1248
1420
4039
1412
3166
4488
4945
1883
3482
4601
1310
1733
2663
1193
2569
1226
3133
1306
1320
1212
1738
1733
1121
3706
1182
1268
1929
1088
2273
4167
1254
1340
4803
3243
3404
5078
1096
1942
4489
4587
1114
1554
1694
1244
1296
3856
4630
1412
2001
4334
1362
1894
2890
3396
2758
1117
1145
1631
1633
3308
1109
1197
1368
1226
3149
1108
1279
1702
3613
4202
4721
4838
1454
3976
1281
1409
4683
4591
1289
1372
1285
1192
1470
1651
1150
4715
1775
1243
1665
2116
3132
1822
3943
1151
1375
1702
1244
3858
1627
3777
1444
1453
3730
1406
1537
4985
1910
3328
1245
1414
3220
3383
1156
4105
4122
3696
1169
2589
3710
2663
3646
1614
3544
4884
1723
4120
3210
3808
4658
1258
3180
3778
1155
1180
1197
1206
1194
1586
4390
1417
1548
1162
1305
3067
2698
1162
2737
3880
2904
1241
1369
1342
4067
2561
3662
3391
3761
4539
3894
1280
1319
4069
1312
1294
1348
1513
1187
3125
1172
2559
3114
2055
1223
1361
4582
4422
2573
1240
1471
1263
3588
1188
1719
2900
3709
3990
1724
1792
1495
3406
1234
1246
4646
1580
1706
1564
1643
3005
3882
1549
1491
1594
1218
1514
1564
4643
1721
3169
3271
1290
1185
3806
1596
1430
1806
2850
1216
2001
3721
4474
1261
1458
3180
3580
3854
3126
3318
4710
1280
1311
4323
4350
4999
1356
4593
4000
4663
1210
1334
1677
1622
1727
1757
1279
1360
1622
1629
1240
1678
1352
3884
1298
1657
1869
4045
4850
2073
3686
1232
1599
1247
1259
1477
1729
3571
1273
1377
3842
1516
1640
1252
1465
1572
1371
3787
3038
4172
3915
1406
1588
4097
4126
4181
2844
3447
2589
3562
1266
3744
3044
2156
4964
2933
3279
4733
1760
4089
4341
3834
1305
2840
3079
1435
1523
2874
3187
4826
1428
1556
1880
1329
1885
1311
1524
1325
1471
1769
1487
1911
1265
4242
1395
1504
1543
1551
2020
3956
1264
1389
1514
3307
3510
4862
3747
3153
1411
3234
1584
4984
3496
3541
4122
3884
4788
1341
1666
4208
1517
2083
3261
1551
1624
1390
1400
1300
1448
4692
1284
1321
1508
3411
1713
2972
3107
1282
1283
1714
4287
2734
1808
3389
4296
1292
1770
3397
1378
1384
3185
1511
1635
1673
1387
1402
3187
1386
1429
2418
1800
3153
1678
3367
1576
2181
1631
3890
1333
1644
2660
3129
1320
1321
1944
1491
1682
1340
1537
1495
3892
1316
1407
1902
1477
1624
3323
1415
1469
1332
2358
1480
2492
1399
3384
4188
4083
3128
1350
1548
3141
3656
3427
3582
3427
3888
1461
3171
1846
1883
1330
1431
1568
1808
1416
3571
3618
1355
1966
3086
1533
1469
1507
1384
1508
1748
4594
4683
1528
3363
1339
1594
1894
1353
1584
1440
1936
2640
1519
1784
1376
1606
1810
2559
3889
4280
1839
3047
5052
1413
1642
1586
3683
3511
1493
2066
2680
1428
1535
1616
1437
3931
1385
1429
2219
5053
4018
5083
5054
4498
5055
3642
4497
1382
1771
2441
2580
3357
1383
1652
3618
3738
1361
1449
5020
3096
3695
1372
2191
4886
2891
1446
2001
3692
1394
1753
5115
2020
3980
2273
3965
1496
4496
1674
3585
1379
1480
2078
1615
1421
1555
2357
1756
2441
4218
2489
2534
1397
1684
1464
1920
2152
1402
1492
1540
1914
2975
1513
1561
1558
2007
3534
1534
2255
1398
2129
4568
5144
1504
1685
1855
3922
1847
2580
4260
4290
4804
4867
1467
2058
1401
3569
3582
1422
2009
1492
1532
2059
3426
1640
1890
1685
2804
3272
3337
1571
1776
2092
1885
1481
2788
1431
1442
1921
1509
1973
3881
1786
1843
2866
1603
1741
3756
1944
2530
1748
3370
4688
4502
4523
1445
1737
1745
4048
1861
1451
1610
1442
1518
4889
1488
1550
2907
3141
3403
1503
3866
1515
2387
2583
1925
2938
3005
1539
1893
2468
1786
1808
2147
3014
3622
1769
4256
1461
2617
2700
1854
1940
1468
1482
1767
1820
1827
1993
1457
2793
1894
1503
1583
1600
1467
1617
1956
2650
1516
1999
1710
1851
4431
4796
1588
1620
4583
2521
3206
3587
3923
1779
1820
3891
1531
1705
1466
1680
2632
1636
1765
3461
4207
4611
1468
4270
2600
1557
1665
3580
3708
2713
2918
1604
2762
2083
2168
1484
2055
1579
1600
1578
1782
2747
1953
3365
1761
2966
3950
1487
2030
2503
2220
1557
2053
2521
1482
1544
2974
5063
1650
2171
1605
1743
1485
1500
1753
1753
4562
2365
2901
1794
1919
4535
3536
3969
1782
2368
1592
1651
3066
1652
1824
1518
1566
1612
1620
1834
4654
3529
3666
1929
2785
3833
4109
1828
4379
1843
4783
1529
1880
2530
3321
3831
1735
1863
1532
1882
1707
1833
1828
1909
4383
1897
2436
2796
3417
3547
1967
2404
1538
3466
2366
3079
3344
1575
2008
1593
1868
2619
2640
1825
1961
4491
4342
1619
1840
4084
1854
3046
1585
1887
1682
1710
5072
1668
1677
2786
1623
3290
1725
2165
1567
1773
1550
1652
2284
1546
4225
2201
2837
2156
5122
1560
1619
1864
3021
1562
1880
1600
3318
1711
1810
1641
2673
3639
2896
1646
1845
2177
1767
1909
1768
2680
1787
1981
1611
1773
1809
2009
3134
1572
2844
1785
1793
2284
1585
1925
1845
1942
4396
1598
1708
1743
1569
1951
1807
1893
1638
1988
2314
4585
4924
3087
3415
1712
1798
4693
5035
1825
1994
2497
3032
5048
1725
1816
2477
2031
2278
1581
1592
1796
3084
1583
2351
1590
1895
2017
2545
1616
3033
1669
4233
5027
1602
1626
2018
1744
1823
1601
1676
2428
1850
1888
1642
3828
4451
1611
1665
2288
1626
1661
2734
4767
1671
2014
1747
1889
1661
1831
1623
2582
1679
2191
3511
2002
3138
3500
3420
3758
4139
1672
1699
2050
2053
3410
1884
4557
2248
2500
2129
3407
1688
2293
2622
1671
1715
2540
3711
1705
3874
4420
3859
1712
3387
1750
1801
2514
2842
3695
3754
1715
1821
1800
3615
1697
2139
3271
3921
3942
4124
1648
1948
1648
1672
3500
3632
1783
1857
1956
2057
2367
1849
2536
1742
1746
2534
2944
1692
3655
4696
2489
3377
2256
3472
3668
1881
1934
3743
2393
1740
1742
1762
1653
2019
3035
1797
2262
1763
1823
4876
1693
2106
3549
1730
2027
2374
1739
2713
3562
3631
1859
1931
3328
1975
4533
2109
1772
1804
3730
1704
1749
2610
1773
1988
2451
1705
1789
3536
3782
1789
1898
1758
1851
2039
2148
2372
2189
4051
1802
2002
3769
1787
3138
2252
2818
1930
4428
1708
1820
1928
2067
1735
1896
1901
1724
1919
4607
1895
2492
1885
1995
2075
5081
1700
1704
2231
1951
1955
1690
1798
1821
4676
1811
3201
3255
1831
1726
2033
1838
3359
1749
1774
2196
3405
4143
1875
2623
2857
3400
2656
3705
1781
3133
1707
1832
1889
3609
3708
3726
1722
1810
2092
2018
1717
2349
3308
2190
2257
3538
2857
5011
1765
1936
2258
1772
1922
1797
1976
2170
2930
3385
1758
1961
4669
3599
3699
2105
2190
4219
2343
1818
2807
3529
3899
4235
2641
2740
1877
2045
3344
1762
2145
2266
3429
3635
2218
1768
1838
1989
2135
2227
1920
1933
2449
1789
1791
1751
1831
2492
4487
1780
2057
2462
4882
2211
2433
3335
2209
1842
2243
1784
2266
2252
2467
1783
1918
2005
1766
2093
2113
1878
1914
3639
1787
1814
2002
3461
3814
2567
2802
1794
2017
1995
2108
2023
1860
2346
2463
2368
3478
2526
3177
2544
3541
1889
2842
1864
1952
4048
3784
4652
2531
2622
1938
2029
2106
2392
2563
2462
1868
1905
3470
4228
1840
2178
3767
2109
2253
2907
1840
2146
1892
1994
5006
2105
2755
2416
2714
1841
1861
2699
2635
2926
2281
2391
2033
3149
1864
1868
3044
3443
2201
2987
2288
3322
2038
2908
1922
2214
2003
2061
3383
2281
2369
3738
3818
2093
2269
1865
1986
2763
1946
2112
1982
2798
3314
2100
4205
4284
2896
5080
1907
3426
2531
2869
1852
2044
3432
2007
2690
2880
2430
2433
2391
2430
1835
2310
4580
1927
1965
3403
3508
4041
1916
2249
2263
2357
1962
2570
3256
1989
2031
2287
2440
1943
1960
1966
1979
1892
2075
2258
3064
1905
2226
2040
2080
1870
1928
2005
4211
2943
3034
1903
2140
2271
2364
4354
1927
2022
1879
2422
2054
1937
1963
2230
1937
3301
1982
2139
3169
1927
3744
1950
3340
2180
2296
1926
1932
2034
2302
4366
4908
3429
3908
1935
2057
2972
2003
2158
2148
2263
2344
2173
2290
1907
2194
2097
2425
2172
2265
2497
2753
3224
2451
2997
2038
2805
4009
1955
1963
2210
2796
2943
2196
2467
2962
2012
2026
2081
3218
2253
2390
1986
2412
2079
2183
2438
1937
2199
2019
2130
2142
4825
1947
1958
3200
2442
1987
2238
2411
2032
2114
3534
3111
1946
2033
2207
2045
2056
3393
2034
3820
2224
2026
2046
2218
2475
1932
2046
2060
2296
2364
2052
3213
4556
2048
2037
2044
3428
1965
2022
2236
2678
2345
3495
4410
2390
2404
1946
2247
1941
1950
2264
1942
2077
1938
2251
2536
2117
1958
2063
2074
4227
1973
2218
2015
3647
2012
2222
2347
2150
2394
2349
2934
2013
2016
2215
1954
2149
1992
2042
2275
2793
2426
2125
2127
2239
2466
2977
3056
3333
2021
2204
2013
2348
2874
2094
2104
2439
1978
2036
2195
2266
2103
2131
2183
2123
2133
2547
2121
2134
2426
2127
2344
2372
2094
2128
2464
2345
1975
4127
2341
2167
2225
2013
2243
3077
2021
2015
2182
2068
2206
2369
2752
2595
2103
2104
2353
2125
2133
3503
2052
2101
2291
2487
2298
4370
3250
2647
2079
2121
2440
3183
3264
4465
2034
2060
2018
2211
2187
3090
3204
2123
2134
3493
2111
2113
2141
2881
3013
2280
2721
3223
2406
2283
3799
3257
3539
3665
2726
2656
3092
3672
2099
2108
2334
4148
4969
2429
2352
3041
2396
2408
2538
2376
2415
2443
2271
2766
2132
4670
4909
2120
2154
3162
2091
2101
2282
2170
2175
2260
2135
2164
2207
2552
2368
2051
2219
2043
2095
2049
2383
2120
3186
3471
2169
2952
2071
2254
2449
2452
2975
2198
4644
2090
2159
2437
2279
2453
3337
2066
2563
2071
2274
2393
3196
2065
3586
2445
3553
2546
2096
2155
2293
4416
3245
2758
2378
2410
2128
2272
2361
2098
2399
3276
3773
4351
2084
2244
2349
2180
2652
2144
2197
2124
2638
2684
2837
2973
3086
2102
2153
2982
2462
4808
2366
2840
2881
3137
2267
2276
2136
2177
2143
2217
2289
2292
2292
2436
2488
2599
2111
2246
2510
3240
3376
3555
3834
2118
2246
3619
2142
2316
2233
4874
2217
2237
2151
2347
3632
2165
2522
2213
4576
2160
2362
2221
2362
2173
2375
4775
2401
2540
2152
2270
2385
2560
2480
3650
2555
2268
2315
4614
3030
2130
2176
3336
2161
2373
2484
2286
3320
3533
2202
2810
2811
3196
3996
2359
3224
2157
2161
3026
3296
3413
2237
2650
2261
2504
3545
2677
2188
2460
2910
2132
2235
3798
2203
2821
2371
2177
2265
2381
3786
2685
2447
2268
4701
2143
2260
2356
2621
2964
3450
2613
2206
2318
2165
2244
2389
2212
2318
2494
2506
2442
2568
3234
2699
2358
2536
2347
3098
2437
2737
2740
2261
2424
2200
2259
2285
3456
2184
3612
2378
2626
2160
2419
2377
2229
2188
2270
2446
2410
2471
3047
2359
2483
2548
2920
3816
2175
2360
3417
2365
2856
2434
2192
2744
2276
2498
2366
2176
2216
2228
2402
2376
2568
2607
2411
3105
4074
3031
3390
5121
2383
2729
2577
2240
3518
2186
2213
2312
4575
2548
2940
2868
3688
3649
2262
2479
2239
2372
2856
2476
4821
2506
2735
2946
2381
5024
2277
2326
2429
2527
2216
3532
3118
2528
3275
2342
2820
2396
2898
2607
2669
4128
4511
2730
3291
3510
2533
2565
3006
2397
2277
2475
2505
2454
2455
3073
2405
2255
3060
3234
2377
2431
2394
2927
2473
2615
2899
2452
2476
2262
2379
2565
2711
2414
2438
2259
2384
2240
2286
2527
2533
2370
2407
2233
4360
2331
2235
2300
2415
3082
2400
2283
5113
2720
2285
2242
4345
2306
2382
2255
3264
3564
4156
3309
2443
2484
2512
2774
2471
2739
2386
2836
4290
3107
3499
3042
2822
2389
2450
3056
3375
3037
3925
2879
2400
2405
4988
3003
2445
2496
2353
2573
2346
2448
2495
2777
2522
3296
4155
2450
2518
2496
2571
2687
2529
2775
2524
2665
2792
3732
4032
2482
2485
2317
2469
2413
2422
2529
4708
3126
2575
3299
2419
2474
2485
2692
2761
4312
2459
2921
3136
2387
2838
2965
2731
2304
2313
4940
2305
2317
2303
2309
4578
2397
4574
2308
2309
4686
2314
2311
4412
4346
4952
2311
2314
4565
4441
4713
2334
3830
2321
3902
2322
3903
2333
4348
2325
4765
2332
2337
2339
4361
2332
2338
4136
4442
4479
4682
5109
4421
4963
2340
3916
2334
2338
2340
2337
2339
4425
4552
4548
4687
2354
3636
2418
2588
2773
3885
2457
2455
2631
3818
4098
2859
2955
2540
2891
2630
2361
2427
2524
2915
4720
2402
2615
2843
2793
3482
2461
2921
3413
2413
2409
2782
3094
2961
2762
3160
3455
4017
2610
3543
3110
3171
2609
3422
2380
2587
2474
2508
2416
2549
2976
2461
2525
2482
2618
2397
2612
2926
2641
2416
2434
2868
2873
3158
3188
3001
2400
2405
2434
2728
3025
2931
2407
2954
3132
2581
3569
3713
2918
2490
2602
2787
2507
2625
2714
2913
2757
2968
2984
4726
2827
3220
3271
3731
2453
3272
2645
2814
2855
4512
2546
2590
2422
2520
2577
3129
2799
3036
3699
2884
2605
3032
4621
2481
2516
2519
2472
2495
2457
2532
2677
2458
3358
2859
3045
3148
3300
2515
2532
2519
2611
2668
3131
4329
4408
2965
2727
2650
2560
2572
2685
3263
2831
3302
2550
2591
3392
2624
2554
2585
2520
2592
2551
2556
2919
2596
3115
2689
2454
2693
2759
2575
2591
3369
2643
2513
3143
2873
2982
2554
2651
3017
2904
2974
2480
2564
2646
2654
3147
2507
2581
3214
2818
2905
2907
2558
2661
3043
2701
4632
4920
2684
2868
2578
2704
4948
2551
2635
2896
2901
2525
2633
2584
2985
3515
2748
2592
2608
2715
2657
2501
2539
3624
2582
3290
2683
2703
3741
3238
2688
2732
2798
2627
2633
2744
2500
2819
2662
2710
3284
2543
2630
2539
2543
2741
2802
2705
3176
2616
2719
3022
2562
2856
2982
2991
2563
2754
2941
3575
2597
2625
2703
2749
2965
3110
3336
2516
4648
5015
4288
2593
3240
2551
2557
2574
2579
3596
3353
3358
3636
2587
2641
5000
2604
2979
2670
2709
2811
5112
2553
2660
3340
2764
2661
2670
4547
3438
3145
2914
2970
2690
2697
2736
2682
2690
3261
3063
3077
3611
2593
2667
3316
2719
2780
2812
2705
3686
3953
3119
4201
2851
2679
2910
3525
2579
2605
3790
4661
2743
3716
3051
3199
2603
2807
2809
2643
2686
2570
2686
3573
4239
3305
2702
3811
2720
2743
2659
2820
2794
2578
2597
2948
2894
3088
3508
3548
2646
2628
2689
2723
2979
2746
2606
2852
2806
2658
2667
2980
2702
2681
2648
3266
3484
2590
3103
3350
2630
2741
2662
2708
2587
2596
2638
2635
2706
3982
2733
2664
3259
3628
2749
2817
2838
2688
2700
2795
3679
2606
2611
3058
2676
2682
2666
2788
3662
3896
3999
2611
4650
2629
2769
2808
3444
2681
2815
2878
3266
3546
2807
3245
2946
2621
3075
2666
2700
2923
3027
4543
2728
3409
4679
2929
2999
2638
2651
2698
3379
2674
2706
2884
3077
3122
2644
2666
2692
2750
3634
2627
2644
2885
2649
2708
2646
2653
2674
2676
3205
2661
3168
4415
2834
2935
3178
3622
3821
3316
3320
3779
3603
2658
2717
2963
2877
2784
4332
4832
3763
5076
2725
2815
2710
2772
2674
3009
2776
3027
2686
2939
2657
2816
3380
2803
3561
2741
3437
3082
4747
3875
2848
5008
2693
4732
3233
2815
2985
4174
4970
3339
2929
2980
3371
3771
2942
2701
2709
2847
2893
3160
2974
2883
3160
2934
2725
2726
2770
5013
2795
2705
2746
2999
4603
2719
4544
5029
2816
2845
2721
2777
2832
2745
2756
2876
2781
2860
3394
2826
3590
3128
2851
2889
2808
2739
2783
2936
2781
2832
2937
3235
2750
2782
2831
2791
2829
3269
2898
3177
3263
2894
2966
3012
2732
3102
2745
2791
2826
3020
2766
2949
2996
3084
2808
3364
2743
2765
2951
2986
2938
2758
2795
2740
2918
3474
2964
2988
2756
2762
2952
4674
2827
2828
2745
2958
3098
2850
2871
2847
2978
3704
4912
2784
3323
2754
2790
2772
2803
5110
4695
2867
2882
2843
2863
2866
3163
2783
2949
2953
3011
2899
2921
2776
2845
2852
2861
3058
2770
2806
3554
3001
3103
3496
3538
2879
2828
2867
3055
2911
2922
3762
2772
4536
4704
2823
2863
3039
3050
3587
2819
2864
2780
2790
4861
2998
2872
2916
3130
2782
2794
2817
4872
3643
3151
2788
3539
3757
2821
2866
3058
3159
2853
3807
3106
2797
2832
2860
3008
3048
2876
3572
2876
2871
3514
2826
2829
3509
2922
2989
3565
2919
4858
3523
3643
2978
3065
2848
2954
3445
3010
3123
2889
3076
3106
2829
2872
3282
2817
4721
5043
3041
3023
3651
3087
3091
4088
3101
3104
2928
3019
3414
3078
2967
2924
2954
3452
3112
2835
3727
3486
3576
2867
3260
2969
4135
3213
3008
2860
2862
3517
3200
3101
3113
3030
3072
3988
3174
5064
3104
3127
3756
2952
2914
2862
3446
3113
4326
2889
3010
3502
2871
2957
3319
3069
2939
3239
3633
3743
3249
4081
3127
3142
3006
3061
2990
3019
3095
3416
2899
3301
4328
2914
2939
3120
4627
3408
2958
3574
4989
2967
3182
2951
3441
2893
2956
2976
3871
4655
5097
2945
4505
4958
3142
3173
4236
2913
2969
3061
3158
2938
2995
2991
3121
3436
2916
2994
3157
3129
3081
3372
3000
3070
3170
2990
3124
3278
3111
3042
3090
3173
4931
3065
3146
2969
3002
3197
3020
4216
4666
2950
3197
3297
3337
3386
3469
2989
3140
3222
2989
3062
3172
3159
3238
3384
3904
2953
2957
3179
2936
3148
3175
2945
3810
3171
3040
3435
3265
3768
3929
4426
3638
3912
3132
2942
2944
3009
2998
3425
3062
3085
2967
3023
2959
4735
3696
3219
3277
3216
3334
2986
3734
3192
3229
5099
3020
3447
2992
3119
3123
3205
3011
2983
3381
3306
3528
3776
2988
2998
3085
3090
3011
3550
3031
3154
3297
4716
3001
3008
3002
3028
3297
3455
3118
3340
3010
3374
4092
3068
3542
3102
3032
3390
2995
3028
4397
2986
3085
3231
3433
3691
3136
3049
3686
3755
2996
3181
3203
3000
3035
3126
3102
3097
4319
3050
3072
3268
3326
3363
3215
4053
4326
3075
3070
3116
3048
3198
3746
5125
3064
3237
3408
3136
3199
3099
3108
3305
3232
3256
3294
3076
3195
3194
3162
3186
3251
3078
3091
3349
3532
3147
4339
3144
3165
3405
3087
3075
3128
3348
3997
3059
3319
3423
3540
3583
3747
3072
3886
3721
4957
3273
3275
3620
4997
3095
3221
3267
3268
3383
4463
3069
4537
3715
3189
3205
3070
3108
3154
3770
3920
4059
3078
3507
4023
3259
3382
3546
3115
3124
3387
3247
3270
3366
3450
3250
4640
3095
3124
3098
3200
4992
3225
3410
4356
3336
3349
3212
3246
3193
3601
3099
3144
3504
3164
4283
3302
3951
4979
3170
3432
3112
3120
3099
3154
3516
3284
3289
3130
3135
3501
3112
4520
4309
3116
3157
3293
3635
4883
4477
3148
4639
3426
3594
3151
3114
3260
3402
3802
3371
3962
3170
3331
3203
4340
4745
3285
4898
4355
3464
3545
3229
4495
3303
3407
4787
3181
3215
3310
3549
3335
4138
3179
3319
3146
3201
3861
3212
3945
3172
4873
4020
4917
3376
3413
3288
3229
3247
4637
3239
3549
3602
4391
3174
3754
4414
3165
3226
3356
3226
3252
3465
3311
3215
3239
3168
3347
5127
3694
3166
3368
3321
3327
3689
3201
4534
3339
3657
5012
4991
3193
3350
3484
3323
3601
3302
3381
3424
3192
4049
3192
3194
3752
4388
3359
3926
3993
3831
3448
3310
4226
3303
3684
3269
3399
3572
3683
3235
3249
3315
3347
3380
3247
4641
4927
3436
3293
3947
3312
3273
3551
3244
3820
3437
3481
3651
3246
3298
3664
3362
4184
4846
3252
3329
3494
4916
3273
3277
3330
3282
3434
3509
3350
3378
3232
3599
3225
3232
3270
4731
3408
3652
3499
3485
3390
4545
4546
3270
3285
3240
3371
3315
3726
3998
3278
3693
4438
3638
3687
3865
3332
3352
3477
3749
3753
3503
3445
4195
3357
3428
3432
3331
3364
3542
3373
3896
4725
4756
3368
3467
3560
3644
4347
3709
3848
3444
3507
3590
3267
3298
3513
3422
3567
3300
4080
3482
3979
3519
3416
3366
3535
3677
3303
3362
3374
3506
3331
3897
3959
4264
3646
3673
3469
3344
3393
3521
3368
5108
3769
3881
3885
4845
4943
3305
3467
3654
3554
3584
3663
3749
3755
4264
5079
3360
3330
4381
3682
3355
3378
3310
3585
4256
4278
4443
4257
4385
3579
3584
3730
3586
3614
3312
3522
3381
3398
3430
3602
3572
3657
3339
3561
3352
3398
3322
3586
3478
3553
3379
3458
3600
3329
3332
3438
3472
3744
3512
3552
3453
3479
5028
3352
3487
3984
3961
4058
5089
3848
4962
3687
3718
4662
3454
3458
3626
3856
4114
3449
3454
3476
3409
4468
4845
3376
3566
3680
3900
3614
3619
3920
4026
3369
3604
3373
3546
3628
3996
3606
3414
3617
3846
4493
3477
3616
3493
3537
3609
4393
3442
3568
3647
3472
3475
3733
4689
3475
3479
3603
4065
3556
3658
3654
3428
3448
3445
3475
3640
3523
3607
3449
3595
4779
3470
3520
3836
4124
3440
3442
3505
3523
3633
3566
3753
4685
4007
3615
3671
3412
3423
3760
3458
3476
3489
3527
4013
3415
3632
3722
4264
3485
3783
3889
3649
4762
3672
3577
3692
3477
3691
3516
3501
3486
3430
3527
5023
5178
3850
3653
4059
5088
3501
3434
3522
3433
3537
4186
4071
3858
4456
3450
3576
3637
3684
3611
3735
3737
3946
4008
3698
3751
3455
3538
3659
3797
3616
3670
4521
3650
3616
4350
3489
3557
3690
3731
3487
3494
4320
3505
3518
3713
3825
3976
3509
3547
3590
3879
3488
3494
3733
3565
3762
3774
3573
3620
3512
3530
3681
4143
3471
3557
3605
3824
3522
3560
4029
3520
3606
3716
3598
4443
3685
3728
4194
4322
3612
3720
4200
4378
4427
3556
3764
3696
3552
3552
4271
3966
4058
4368
3854
3960
3786
3820
3829
3716
3894
4107
4218
3802
3598
3798
3689
3627
3543
3551
3516
4744
3741
3519
3519
3559
3599
3756
3589
3734
3670
3732
3720
3831
3601
3624
4487
4970
3551
3592
3528
4559
3593
3600
4075
3559
3764
3882
4004
3694
3550
3561
3574
3661
3893
3643
4327
3688
3682
3648
3576
5098
5102
3574
4000
3575
4185
3660
3712
3664
3606
4183
4300
3644
5047
3816
4506
4712
3801
3984
4382
3605
3676
3849
4337
3604
3784
3963
3986
4134
3623
4248
4455
3653
4108
4727
3987
3988
3870
3881
3798
5094
3596
3751
3600
3641
4082
3648
3887
3602
4269
3629
4188
3598
4827
4516
4005
4097
4450
3658
3634
3740
5133
3610
3612
3619
4274
3636
3651
3775
3955
4083
3779
3957
3652
3732
4030
3684
3661
4698
3901
3641
3883
3627
3880
4031
3658
4116
3775
3779
4073
4163
3788
4024
4242
3884
4014
3740
3659
3952
3640
4806
4429
3685
4304
5009
3669
3868
4176
3891
3735
3731
3706
3693
4573
4011
4276
3845
3924
3760
3679
3663
3780
3911
4087
3676
4189
3847
4681
3937
5016
3935
4010
4897
3735
3801
3724
3846
3729
4064
3833
3875
4005
4126
4141
3765
3787
3950
3876
3712
3803
3939
3698
4752
4125
4169
3694
3921
3978
3706
3774
3887
3693
4046
3704
3993
3734
3760
3765
3812
3712
3787
4695
4973
4009
4241
3855
3877
4089
4190
3972
3892
4019
4048
4072
3938
5102
3886
3923
3812
3840
5123
3805
4558
4055
4566
3775
4490
4062
5095
3833
3851
4047
5126
4154
4738
4042
3802
3861
4035
4147
4006
4137
4266
3940
4446
4249
3807
3905
3941
4035
4055
4017
3859
3898
3806
3917
4426
4293
3932
3948
4146
3790
4278
4411
3928
4475
4027
3847
3851
4016
4569
4119
4151
4173
3942
4010
4175
4041
4145
3804
3967
4240
4128
4032
4088
4054
4854
4092
4196
3904
4082
4178
3980
4106
3803
3849
3994
4091
3851
4077
4018
4282
3945
4125
4230
4792
4690
4037
3840
3919
5124
3861
4038
4118
4165
3806
4542
4160
4660
3919
3927
4259
4023
3911
3899
4057
3841
4052
4439
4018
4094
3924
3974
3846
4810
3966
4021
3914
3877
4103
3879
4179
4780
3887
4095
3868
3877
4003
3972
4066
3932
4636
3918
3992
3860
3876
4263
4526
5098
5142
4033
4076
4102
4208
3923
3977
4160
4789
4408
4887
4002
4024
4063
4476
4761
4013
4121
4269
4908
4912
3974
4002
4242
4294
4050
4168
4070
4839
4859
3857
4001
4099
4766
4501
3969
4044
4060
4061
4464
3865
3985
4117
3930
4739
4571
3957
3910
4232
4015
4056
4209
3893
4131
4043
4157
3954
4090
4356
4110
3876
3883
3937
4942
3898
4006
4208
4170
3927
3967
4036
4100
4115
4113
3910
3977
3983
4007
4025
4155
4203
4096
4671
4352
4161
5069
4218
3918
3909
3928
3913
3917
4206
5051
4206
4217
4065
4015
4043
4307
4056
4150
4499
5130
4082
4705
3954
3994
4066
3950
4101
4922
4817
4292
4749
4132
4050
4481
4225
4009
4029
4740
4262
4310
4944
4391
3947
3971
3984
4247
4768
4856
4129
4306
4422
5073
3949
4199
4322
4859
4219
4410
4195
4243
4297
3952
4753
4936
4870
4875
4187
4177
4027
4122
4162
4210
4274
4006
3994
4034
4085
4816
4159
4730
4053
4273
4111
4503
3973
4052
4205
4317
4446
4492
4875
4131
3992
4244
5059
4023
4092
5084
4003
4176
4564
4184
4295
4235
3983
3985
4052
4211
4237
4025
4063
4250
4152
4238
4088
4003
4212
4418
4230
4310
4014
4056
4364
4034
4042
4161
4108
4041
4002
4371
4824
4011
4101
4161
4333
4020
4635
4104
4194
4605
4267
4076
4198
4029
4185
4254
4204
4028
4044
4039
4040
4152
4062
4087
4081
4193
4193
4117
4212
4338
4570
4668
4265
4298
4112
4220
4039
4222
4588
4277
4057
4737
4214
4778
4812
4076
4243
4246
4852
4797
4149
4433
4305
4398
4110
4191
4386
4335
4241
4420
4098
4197
4653
4075
4144
4871
4478
4138
4258
4116
4390
4171
4302
4513
4390
4221
4177
4192
4164
4215
4074
4814
4318
4129
4096
4099
4547
5156
4095
4118
4245
4215
4226
4288
4170
4164
4399
4781
4389
4998
4334
4162
4295
4367
4162
4118
4336
5132
4289
4279
4996
4245
4604
4103
4784
4152
4467
4110
4147
4224
4338
4403
4191
4374
4113
4144
4170
4210
4123
4905
4142
4231
4224
4115
4369
4231
4255
4402
4253
4538
4309
4178
4257
4596
4702
4225
4224
4343
4272
4954
4806
4985
5136
4133
4197
4158
4212
4158
4613
4260
4319
4343
5086
4151
4153
4247
4387
4449
4317
4759
4147
4281
4151
4394
4145
4189
4177
4417
4348
4838
4246
4192
4204
4253
4347
4388
4204
4432
4400
4175
4216
4251
4279
4665
4252
4668
4427
4255
4189
4195
4213
4222
4203
4311
4231
4409
4182
5067
4217
4232
4207
4447
4530
4570
4945
4194
4237
4272
4331
4238
4254
4351
4232
4193
4230
4404
4217
4246
4407
4413
4247
4316
4365
4199
4222
4699
4499
4379
4832
4969
4243
4801
4254
4448
4327
4234
4699
4983
4508
4994
4236
4275
4811
4303
4473
5005
4251
4234
4434
4412
4484
4431
4921
4354
4267
4363
4445
4415
4938
4292
4292
4377
4383
4265
4279
4267
4299
4290
4941
5010
5061
4320
4428
4392
4316
4356
4317
4272
4274
4308
4459
4293
4325
4341
4651
4577
4394
4444
4745
4964
4401
4271
4381
4477
4754
4299
4394
4396
4281
4915
4563
4282
4891
4289
4443
4474
4764
4479
4524
4424
4342
4342
4338
4896
4379
4496
4793
4311
4772
4337
4482
4472
5039
4756
4955
4588
4586
4359
4309
4382
4448
4818
4327
4347
4382
4341
4495
5037
4380
4424
4631
5065
4405
4737
4367
5056
4331
4335
4631
4363
4464
4901
4854
4403
4499
4510
4510
4500
4794
4339
4520
4903
4950
4352
4350
4377
5116
4354
4848
4509
4362
4528
4528
4973
4751
4469
4610
4958
4367
4788
4520
4492
4651
4460
4609
4899
4419
4554
4554
5096
4831
4374
4377
4400
4565
4430
4776
4402
4409
4565
4881
4478
4935
4546
5040
4545
5041
4827
4984
4812
5010
4403
4385
4406
4771
4559
4455
4728
4459
4763
4401
4401
4411
4459
4596
5141
4406
4475
4464
4525
4893
4418
4509
4740
4433
4455
4454
4694
4428
5144
4417
4432
4571
4804
4785
4869
5143
4458
5100
4659
4638
4526
4587
4606
4644
4662
4540
4794
4791
4586
4769
5033
4702
5057
4850
4550
5085
4647
4777
4947
4697
5034
4697
4482
4911
4448
4467
4772
4466
4518
4622
4472
5046
4694
4557
5174
4504
4612
4944
4458
4538
4671
4978
4503
4470
4950
5048
5102
4501
4735
4913
4490
4563
5093
5119
4939
4735
4714
4961
4599
5118
4852
4563
4865
4527
4482
4799
4833
4739
4775
4568
4906
4796
4916
4803
4965
4837
4904
4837
4506
4760
4724
4731
4921
4829
4823
4788
4820
5049
4960
5116
4705
4820
4977
4688
4810
4961
4928
4522
5097
5159
4719
4825
4867
4821
5056
4930
4953
4792
4836
4925
4569
4707
4534
4798
5058
4810
4866
5105
4742
4647
5038
4581
4639
4840
4946
4797
4904
4863
4751
5013
4633
4876
4858
5091
4828
4923
4897
4933
4723
4776
4786
4817
4861
5085
4872
5018
4853
4872
4874
4767
4998
5161
4600
4671
4966
4677
5155
4889
5075
4889
4896
4606
4899
5062
4807
5011
4857
4877
4824
4859
4765
5064
4906
4576
4843
4622
4665
4908
4984
4924
4959
5101
4985
4943
4945
4940
4995
4939
4899
4748
4995
4879
5026
4982
4980
4951
4977
5021
4604
5017
4729
4996
5017
4952
4948
4891
5118
4757
5007
4680
5082
4963
4922
5157
4905
4969
4623
5052
4624
5053
4625
5054
4626
5055
5057
4633
5094
4982
5041
5040
4970
4826
5047
4979
5050
4988
4649
4855
5105
4944
5001
4936
4989
4878
4741
4992
4989
5016
5053
5161
4716
5052
5000
5000
4772
5025
4915
5020
5016
4730
5149
5155
5083
4754
4703
5113
5008
4864
5150
4846
4924
4707
5012
5101
5027
5024
4770
4805
5122
4896
5011
4696
5148
5035
4800
4778
4844
4887
5029
4783
5009
5038
5025
4699
4870
5031
4759
5078
5045
5045
5114
5028
4774
5093
5072
4894
5077
5043
4700
4705
5063
4813
5018
5064
5125
4812
5076
4758
5084
4868
5098
4856
5119
5047
5104
5109
4986
5167
5099
4958
4963
4768
5021
4934
5133
5110
4726
5007
5107
4873
5027
4819
5111
4738
5059
4761
4791
4782
5108
4900
5179
4847
5033
4787
4895
4917
4954
5165
5124
4787
4919
4886
5028
5095
4932
5089
4920
4749
5123
5088
5051
4890
5130
4937
5143
4808
5143
5175
4926
5032
5074
4884
5084
4997
4910
4916
5075
4815
5130
5148
5152
4799
5133
5132
4999
4809
5069
4823
5037
4902
4813
4902
4865
4869
5072
4798
5090
4805
5136
5142
4862
5129
5127
4840
4816
4990
5019
5120
5029
4835
4994
4884
4939
4877
4898
4940
5080
4878
5099
4926
4955
4932
4964
5006
4966
5015
4885
4882
4934
4994
5006
4900
5034
5010
5092
5165
5067
4871
5167
4865
4974
5071
5121
5159
5163
5115
4928
4965
5066
4941
5120
5032
5142
5115
5001
5104
5149
4883
5103
4972
4919
5110
4960
4917
4967
4991
5148
4895
4919
5116
5176
4981
5137
5112
4959
4962
5074
4993
5106
4909
4988
5114
4935
4927
5042
5146
5166
4920
4956
4987
5154
4977
5087
4976
4957
5131
5162
4983
5023
5151
5152
5083
5164
5175
5003
5092
4949
5159
5168
4954
5175
5145
5073
5132
5135
4968
5145
5096
4981
5014
5073
5077
5176
5076
5070
4986
5121
5086
5004
5176
5022
5108
4996
5046
5063
5044
5044
5157
5060
5024
5050
5036
5117
5156
5150
5031
5173
5138
5068
5127
5153
5147
5178
5051
5128
5170
5139
5140
5086
5070
5160
5140
5139
5158
5090
5094
5062
5087
5134
5082
5134
5141
5137
5179
5164
5174
5177
5128
5158
5172
5141
5171
5117
5146
5169
5154
5136
5152
5135
5147
5156
5170
5129
5174
5138
5160
5163
5168
5163
5171
5162
5178
5165
5167
5172
5173
5169
5173
5179
)


// ************************************************************************* //
