/*--------------------------------*- C++ -*----------------------------------*\
  =========                 |
  \\      /  F ield         | OpenFOAM: The Open Source CFD Toolbox
   \\    /   O peration     | Website:  https://openfoam.org
    \\  /    A nd           | Version:  9
     \\/     M anipulation  |
\*---------------------------------------------------------------------------*/
FoamFile
{
    format      ascii;
    class       labelList;
    note        "nPoints:1688  nCells:7279  nFaces:15515  nInternalFaces:13601";
    location    "constant/polyMesh";
    object      neighbour;
}
// * * * * * * * * * * * * * * * * * * * * * * * * * * * * * * * * * * * * * //


13601
(
10
29
321
3755
13
25
158
296
101
165
611
1168
11
34
1940
6969
5
280
416
6963
691
6962
7127
50
238
654
3875
24
41
252
1357
15
42
191
4179
18
168
395
1198
196
2993
7001
2427
2871
6968
89
283
923
7059
161
1108
1334
102
451
524
1483
1085
1566
3345
17
74
261
1434
94
855
945
254
742
2599
20
68
405
5662
78
1146
3361
201
336
381
1017
49
61
104
1369
39
44
155
557
1338
3142
4418
158
263
900
53
54
359
4477
586
1913
3842
7018
37
407
1070
7114
196
2682
3631
45
138
3237
5100
77
493
3393
6983
36
132
539
727
90
246
920
7136
331
472
670
93
134
667
960
99
446
1568
353
1401
1970
108
147
433
1408
86
153
2777
186
294
1011
1651
230
2831
4658
337
1745
199
262
2113
6984
86
444
3471
48
162
185
64
243
406
3809
235
317
369
834
162
2426
2700
218
1895
4294
380
488
2007
302
344
425
432
107
150
315
4533
643
1133
4673
682
717
2550
121
597
1595
7005
59
62
1036
7040
83
493
500
781
67
377
503
2240
237
1036
2171
90
355
527
764
218
220
4649
747
5972
7041
71
73
130
6988
155
1201
3541
108
189
1430
7009
70
166
333
356
411
502
1097
78
128
1372
246
267
535
6974
150
403
4030
520
1979
6989
133
197
214
1474
130
293
404
145
640
3703
207
328
591
731
85
198
1110
2068
159
882
6982
237
2220
458
802
1087
1148
92
872
1656
2320
126
156
330
3533
84
198
226
6973
719
3333
4215
1222
3817
6972
226
967
2947
2769
4522
143
160
683
2657
394
445
494
1093
158
657
1298
142
1580
391
462
730
1678
712
1666
1739
114
992
1074
247
1341
1461
268
358
417
1210
169
281
856
1874
127
671
966
2486
100
289
693
3718
132
475
4170
528
1831
2452
886
1549
4721
891
1954
3092
200
240
366
1786
220
1506
3255
139
389
621
7061
374
398
598
1378
356
1241
1460
1151
1494
472
525
1911
6970
157
424
1035
3398
270
287
293
4744
152
387
2592
6977
149
164
616
2948
134
2141
2873
307
441
1361
1473
206
350
397
1522
172
504
1042
2304
253
299
637
1532
177
203
227
1045
297
2276
5078
7016
862
978
3182
171
385
1815
6997
141
163
309
811
199
630
1529
7236
136
181
456
6994
437
553
3652
194
382
1340
376
513
791
180
217
1032
3524
3073
3826
143
428
986
1079
1295
6290
245
884
2621
969
3157
196
229
275
344
144
1166
7129
174
449
703
1913
185
1947
7258
183
1631
7062
361
378
601
2862
269
309
1447
267
573
160
854
1424
6978
6994
550
959
3437
193
599
1176
7065
402
635
666
225
237
316
747
164
745
1374
498
4878
298
393
532
1706
1435
1768
6976
155
548
3315
189
213
4113
243
481
656
3029
837
1077
2539
7059
184
493
2737
285
396
296
822
1097
3185
3261
313
460
2803
1952
2889
1076
1555
2120
652
954
1401
342
375
2451
4574
647
3319
3825
817
1494
1747
204
310
1149
7052
630
2113
2284
181
308
3893
249
276
423
559
341
1662
3653
349
4001
7020
7047
219
295
499
3469
284
484
5075
219
295
329
7014
274
1022
1271
2075
454
1220
1520
453
2373
187
193
531
4567
210
221
276
882
1958
5132
1906
2407
736
1540
3405
529
703
2635
229
1762
2098
4451
213
7008
297
3753
4809
7014
277
1223
1887
239
311
814
1923
644
1673
349
382
7020
338
367
692
1377
229
245
1142
2683
2573
3162
1423
1733
372
1710
1786
301
981
1495
690
865
3956
4585
266
284
4332
222
2089
2889
228
412
3383
4325
397
661
943
439
706
1031
366
469
660
7113
304
452
3985
4382
286
526
1120
243
264
537
2058
414
518
906
2892
279
7102
290
620
1474
343
568
1634
2766
579
823
1292
1491
413
877
3524
3164
5422
976
2779
4596
4745
286
732
1717
310
3433
4290
312
480
1492
7060
403
1196
1307
3216
334
2586
3525
1618
4741
325
663
1045
435
6987
7213
2223
252
4044
257
320
1106
1169
250
370
2341
6980
457
543
929
6993
236
272
1753
2211
1103
1665
7201
487
3665
4751
2216
1457
1859
1901
680
1056
1306
588
2032
4342
368
470
982
1104
292
318
507
521
251
256
450
7056
7069
1017
1907
2892
6975
855
1261
2084
409
645
783
7023
330
436
7108
479
875
5689
264
634
1101
1336
3782
1116
1917
7031
723
1088
3832
352
703
759
1673
464
2244
7070
334
346
3338
915
1019
6220
6962
278
335
3038
3453
304
422
452
512
1341
1957
2578
678
792
1423
577
650
1282
1974
2058
358
421
827
4294
373
881
4404
1391
492
1599
2592
313
2117
7090
594
642
4081
333
748
809
954
314
431
487
363
379
386
6051
1226
2374
2632
432
838
3502
436
1631
337
860
987
410
853
1691
1430
1889
7101
418
1405
7128
892
920
7136
317
340
436
944
384
1126
3941
576
5240
396
3696
974
4377
1283
1414
5529
423
429
562
1249
2190
3053
3554
485
620
3992
392
415
486
6652
318
2333
5560
642
767
736
1053
3228
434
4015
399
408
958
5671
1601
2087
2122
323
1116
2819
345
583
674
1297
545
2385
7005
1327
1709
4426
311
833
1454
1550
533
4281
482
921
1357
1490
328
749
1750
2858
339
438
441
453
2208
1902
5267
899
1919
680
1354
1447
3974
7082
4546
5728
431
1509
2192
498
1460
3002
334
1146
3729
436
1576
832
991
383
834
1265
4174
346
3198
3594
1372
4247
7000
525
3768
6971
691
1908
2529
478
664
728
1813
484
663
5298
332
516
2073
2726
380
1642
2026
2982
1031
1750
1113
5852
7015
437
2679
555
1940
3406
541
2860
7006
477
1487
2104
410
785
5423
981
2587
2627
3375
699
1298
6972
438
1687
3839
383
506
1232
351
473
1102
378
483
3417
1041
2818
4250
1327
3786
352
1157
3133
940
2664
917
1117
2020
3287
470
1995
7063
796
2547
1513
7078
7154
430
522
1265
810
4864
356
496
6014
362
364
2042
3031
573
4403
6496
1137
360
2230
4060
6995
596
2202
1133
1667
6991
3125
5653
6994
378
1603
5117
364
1044
1311
975
1714
2313
474
2369
371
572
1825
2269
588
1541
692
2988
6973
929
1131
4304
1103
1576
5083
1650
2292
3534
511
1286
5709
1018
1606
4739
576
2826
6767
879
1888
4870
483
2956
4071
1372
3265
3631
411
3213
4733
1366
603
1248
2887
1046
2885
1674
2979
3259
2983
430
1848
805
3974
7060
2040
3679
6996
603
3379
4316
4473
4566
4745
442
517
592
624
621
3650
7200
400
618
830
1308
773
2363
2429
612
754
3708
419
1645
1789
874
1170
3173
647
1114
3339
3793
3137
5096
598
971
1299
408
883
3850
825
1204
2118
464
853
1691
2031
414
495
3876
652
1998
520
767
1690
672
791
1937
466
537
6080
496
1040
1483
2106
2240
844
1791
6287
3900
3331
4216
5300
6987
688
1220
3786
495
518
822
883
6630
418
2285
2652
492
3627
4856
825
7074
824
1243
2873
447
467
1012
2030
596
893
1339
7024
7103
656
761
534
1069
3259
1931
2364
5313
527
558
1279
1679
522
617
679
852
854
1860
3240
1337
1631
4297
1102
1247
948
2701
918
5875
635
7009
1191
1593
2784
1943
2343
6986
1576
5276
926
2225
675
731
1185
768
865
1103
1729
2383
5090
624
2647
2848
793
2651
4438
6993
557
3768
6971
874
897
1864
475
4023
5972
552
2551
3112
455
539
4665
6998
473
569
3842
2950
7055
7243
496
626
2708
803
7025
1921
4131
1032
2221
6904
2405
4690
6999
1042
1291
2503
793
1978
2232
802
893
1353
513
547
1834
2216
642
811
2362
561
658
869
3016
773
2724
3571
505
1160
2734
3398
1862
4083
590
1264
1375
3452
1201
3134
552
3987
7028
549
653
664
4104
722
1207
4485
1131
7064
629
801
7010
7057
555
1446
709
1265
1544
3458
3563
2552
4019
510
1212
4875
7003
778
2047
3613
1523
1582
3253
3982
6981
1805
2106
7059
553
4981
681
1735
2996
1366
2608
489
2511
884
968
4406
612
772
2809
2259
5221
687
716
741
589
812
5298
526
559
753
841
517
592
1517
4545
3016
3465
861
1170
1476
4384
2038
3018
2168
567
808
867
4353
2827
3477
1191
1531
2159
861
2357
3333
619
957
1427
2330
503
1781
2838
1509
2211
1928
2123
3623
519
895
2945
944
1872
3357
521
1377
4632
980
1281
1309
3469
551
2092
3317
6981
610
2808
6063
572
2203
6079
533
5807
7104
607
5491
582
609
1387
831
1044
1311
1811
541
3334
4522
1027
2881
3898
4091
947
1315
1501
1124
2131
1762
1837
852
1462
711
720
1988
2008
819
1018
2708
1290
4874
841
1508
1561
3191
693
5054
5274
531
734
4186
542
544
999
1521
2504
885
1180
1601
1438
3788
837
1260
5183
1030
1259
5037
816
1360
2584
7186
604
2876
614
655
718
3821
1568
2405
615
797
3141
3444
2893
3450
544
965
2363
669
2103
3777
3540
4889
1916
2922
7004
648
677
729
846
607
1325
2815
638
2624
2777
676
1813
945
1918
3437
2332
6980
7132
4454
7029
3931
4367
625
670
1013
2282
1290
4949
570
1292
1464
7006
5255
949
1189
1561
753
7107
719
781
1154
6192
1065
1144
1599
656
4105
596
1225
1451
2346
714
1216
1318
2568
628
1041
1498
4023
710
722
1893
5290
925
1326
3890
988
2070
2661
709
759
963
4988
7007
798
2543
2596
4150
1705
2805
1391
6556
730
1678
1700
657
1108
1396
3331
3227
3265
684
1334
4663
843
1820
1934
7235
1458
1553
2679
608
1186
1976
1984
946
1068
1234
2440
760
1009
5500
765
1157
3035
638
680
1119
7145
735
939
962
2228
690
2280
7019
698
724
1641
3476
4315
4485
812
896
917
1945
2716
3256
749
5002
5290
4224
7264
961
963
1349
3028
1414
2362
2789
610
1384
1734
7003
2730
978
2903
3264
6115
4567
7066
604
970
3347
3743
1342
2124
2967
756
1037
1356
2607
4217
4737
1003
3134
972
1020
1200
4274
633
694
1084
1247
1136
3631
890
1619
1853
760
1059
4645
1734
3918
728
807
3959
5400
5465
909
1000
2133
3621
1472
2663
2825
2170
3055
3270
632
2948
7053
821
4352
4824
1246
1365
2186
721
1567
1653
1657
5435
998
3514
779
818
1397
7026
910
985
1235
2415
3815
4699
670
1670
5224
1954
2168
5454
803
1956
7025
7194
941
1348
2147
2948
3558
7011
1382
3306
746
839
1121
1558
921
1357
7054
979
1102
1363
1043
1974
5531
2368
3849
1190
1591
1715
2342
691
2139
3074
1322
3315
668
815
924
5460
959
1957
6480
715
780
788
1128
2803
717
3727
4014
946
1176
1234
844
1440
5687
674
904
1300
2972
802
5493
677
891
3552
665
2535
2731
4230
684
692
4887
1219
1239
1405
2118
3648
6299
826
3210
4951
741
1285
1457
718
1602
6057
5155
923
1396
721
1153
2397
1187
1362
1639
7117
1541
2630
4016
943
4618
1229
1236
1577
4248
4065
4776
1582
4202
1152
1439
2424
906
1206
1874
933
1074
1932
1092
1718
4309
929
1104
1769
6969
1007
1340
6291
940
1663
3198
725
1634
2070
2454
726
1300
706
2077
3175
826
886
5785
1403
1972
1209
6984
821
1662
2299
1981
1155
3606
5920
1197
3087
6991
986
2915
5036
1325
2758
813
1146
1524
2027
863
1418
1426
2304
716
1046
5027
877
2767
6657
771
958
1466
4606
1398
6370
1005
1325
2857
5437
979
1488
2872
711
720
2086
2180
888
3224
6859
6965
1057
1364
2177
2783
787
1015
2102
903
1298
7111
1028
1138
2666
5124
748
845
1518
3355
812
1975
2218
5349
1039
732
901
2235
3984
1123
1183
1992
5543
1666
3220
843
1382
7236
739
780
788
3242
3840
6487
1147
2017
2939
1178
2394
2049
3026
3438
1154
1288
1371
1388
1257
1557
4339
1127
4805
3564
3577
2454
4918
2465
4224
2660
3121
2724
3144
1496
3016
1147
2370
2162
3569
4826
1109
2156
4189
2398
2586
3013
765
789
831
4014
4535
6998
1212
4307
782
1242
3494
1450
2429
1703
4092
998
4358
777
2495
3345
7031
1913
4409
7018
997
1588
2880
5746
774
1066
2295
5450
1023
1253
1413
3690
878
1626
3079
769
928
1280
1667
1048
1175
1198
2279
2444
940
1111
2004
6964
871
1704
1823
2615
1155
1374
4013
839
1797
1966
2586
3508
919
1480
3356
5173
836
1026
1614
2041
766
795
875
1054
761
866
1795
2419
761
7006
883
2154
3236
790
799
1073
6595
840
3423
4534
762
800
1319
1836
770
859
3797
4465
1297
2670
1903
2930
864
775
2527
2927
870
907
1140
1451
1256
1649
3318
776
1254
795
1390
4476
1283
4421
1402
3109
5490
1060
1627
2309
880
2062
2851
1924
2287
2994
822
1530
3269
965
2008
1763
3359
3384
800
2241
4342
789
2556
5806
1373
3163
7030
809
1769
2283
851
2877
5302
878
1096
5132
846
4288
5108
5068
6500
7022
1611
2462
2563
5026
3082
3448
5236
1255
2140
2639
2659
922
1015
2128
2516
4594
959
1235
829
1080
1752
3265
6231
1118
1450
2724
2034
7117
1217
1381
1775
2270
5646
7216
1968
4001
5451
1023
1724
3419
996
2167
5239
829
1404
5460
2693
5738
2414
5648
7058
1114
2637
3418
1017
1142
1845
3051
1126
5189
5808
1058
1964
2267
2570
886
1813
1326
3658
4856
938
1014
1039
3133
7121
3449
5481
5638
1111
1790
2613
1833
2577
5281
1885
4299
6385
1130
2986
7155
1368
1816
3943
851
2423
6279
891
1793
2065
867
925
1797
1962
2943
4521
2185
1370
1491
2250
1221
3394
4387
830
1405
4020
7047
1210
3090
5422
857
1693
3897
4793
4541
4692
1748
2210
904
2417
991
1325
3135
2658
5281
5847
1265
1665
950
1024
2035
2739
1161
1882
2554
1416
5398
918
1377
1762
1636
6095
1202
4160
6986
2199
2860
908
930
2500
5651
2018
5706
3203
919
2231
2712
4420
4799
942
955
964
969
1062
1295
1967
2116
1099
1277
1853
2270
1081
2621
5650
7120
5612
3706
5083
3973
4197
4881
951
7089
892
2340
3051
1528
3997
4269
956
1159
1245
4886
880
935
3702
1067
1412
1887
2653
4553
1613
2743
3182
1275
2377
2852
866
5731
7007
1398
3109
5204
1225
1642
899
1153
1919
3311
1144
3158
4811
973
1966
3742
1821
2407
4807
1053
1343
3978
927
1120
2904
7038
4155
6206
1054
1650
1025
1604
1654
2701
3337
3352
3619
5719
1378
4832
5163
3052
4990
1250
2585
4332
1763
2816
3850
1471
3044
1164
3150
4997
4685
1059
1849
1981
2643
1143
3132
4901
1005
1019
2184
6962
1331
1689
4491
2019
1543
2793
1353
4294
990
1173
2365
7036
1160
2298
2714
1117
5063
6332
1537
1864
1894
916
1139
1602
6057
1758
3126
1282
3515
5456
998
2309
4940
932
1432
2811
5542
1377
4632
7112
1044
2972
953
1514
3839
7084
912
1657
973
2107
4572
1195
1425
2790
977
2534
3176
1150
2002
4717
1006
1660
2200
2426
920
968
2892
1269
1346
1725
3102
1075
1091
1694
5733
3848
4605
6963
935
2215
4230
2511
5771
2364
7112
4642
5444
1561
1155
3380
1441
1760
2037
3941
5169
1092
4255
6595
1558
3890
1361
2064
5216
4337
4393
7039
1060
4477
4944
3459
1195
2090
3956
1929
2634
2764
7092
2601
2916
5861
1261
1945
2083
1444
1455
1552
2158
1139
3966
1016
1163
2552
4480
1047
1407
2735
4443
1014
1785
3351
2356
3610
4418
1146
1041
1273
2082
955
5800
2079
4640
5517
7220
1628
6005
3205
4538
2714
3019
6993
1502
1629
3392
1134
1279
1471
1024
1330
6976
3067
3731
7090
1324
2609
3516
4548
1075
1687
1847
3648
5377
1873
2183
1090
2234
3420
1326
1496
2088
1489
1924
2542
1705
1945
3157
1886
2703
4391
997
5711
1630
2703
995
3115
4543
3208
4684
1968
2929
3006
1296
1618
4847
1561
4487
995
5489
1003
2285
4922
1299
1317
7189
2594
5841
7088
3859
4998
1394
1600
1979
1248
3534
4863
1113
1281
3791
1000
1358
6900
2938
5057
2367
2972
1037
2132
3983
5055
1050
1995
2281
992
1671
2033
2578
1194
1352
1380
2054
1150
1499
2579
2441
3392
1844
1903
2930
1274
1999
3464
1063
2535
4753
7048
1173
3179
5032
1136
1181
1409
2787
1072
1406
2435
3430
1008
1264
2012
3489
3949
7149
2492
4677
7178
2706
5815
3514
1094
1869
3208
1948
2473
1263
1310
1344
4192
1048
1175
4554
5399
2754
1036
1218
1765
2216
1993
2139
2213
3237
3998
2001
3006
6397
1840
2334
3617
1387
4908
6288
1236
1420
1620
7045
1500
3062
3159
2023
4397
4693
1246
1723
2282
1480
3777
2251
3009
1295
1879
3504
2385
2032
2065
4402
5140
1034
2907
6985
1449
1484
2134
5591
1208
2374
3926
1475
5762
2741
2985
1079
1629
3490
1203
1719
4408
1517
3806
5677
1559
2389
6561
1115
1564
1867
2191
2009
6029
6429
6046
3780
4283
1434
2952
3703
7085
3207
6984
2061
2734
2959
1218
3243
4534
1055
1159
1245
4900
3653
7122
1070
1089
1421
1634
2123
3629
1101
1454
3982
3563
2680
6238
2801
4713
1407
1821
1854
1285
2911
1123
1276
1850
7190
1839
3828
4536
1107
1258
1977
4004
1238
1266
1938
5291
1448
6979
4257
4979
1211
1393
1470
1306
3059
4423
4461
5275
6125
1551
2665
5432
1980
1981
2687
3640
1188
1467
1927
4336
2612
3105
6290
1439
3402
7049
1652
3199
4088
7026
1746
1936
2955
1100
1592
1763
1572
1844
2023
1349
1478
2890
1674
2841
3386
2482
4632
1129
1314
2751
2820
1971
2067
4739
1404
1672
5912
1796
2060
2474
7083
1507
1681
1986
2061
2712
3276
1084
1122
1145
2316
1860
3165
1410
1672
1752
2014
2501
3314
1421
1479
1780
1785
1240
1607
3669
7051
1488
2316
1223
4646
5767
1167
1804
5376
7077
1148
1720
2040
1114
1339
1738
1304
1396
1421
1323
1470
3788
1687
2676
4236
1776
3215
1476
1537
5938
1521
1685
5285
1228
1395
1964
4190
1154
3988
4873
1108
1616
1233
1809
2400
4639
1161
2169
4478
1356
1592
3243
2987
3253
1363
1402
1941
3399
2039
2685
2863
7032
1237
3525
4617
1327
1468
1965
2294
1347
4278
7100
1296
2573
6387
2144
4151
1170
1399
2886
4278
5245
5520
2842
2028
4330
4977
5164
2654
2707
1209
1787
3144
1322
2439
3059
1508
4405
1445
3742
5538
1145
3366
5166
1444
2158
1394
2131
2847
1675
2478
2942
3905
1606
5730
1128
4129
5010
3474
4085
1227
1231
1314
1590
4150
7156
3644
5756
1449
1623
1969
2236
3514
6998
1189
1595
3110
1156
3046
3727
7068
1181
4451
1241
2168
3613
1559
1773
2477
4562
5135
1451
1505
2730
1303
2063
2551
2933
1868
1983
1950
3181
6964
3373
4183
4006
5783
1230
1778
1895
3865
1646
1915
7221
3972
5976
1408
3312
3943
3292
4699
5677
1653
3549
4664
4013
1400
1727
7067
2005
2078
1482
1721
1755
2029
2667
4334
2277
4227
1277
5005
1182
1296
1765
4887
1348
1879
3757
1180
1328
5293
1345
1621
1725
7034
1291
1437
3162
2374
3282
3468
1367
2120
2776
1237
3420
3594
1972
1289
1415
1513
1238
1262
2042
3342
3399
4536
1214
1410
1503
3544
6020
5470
1516
2497
2628
7013
1330
1506
2692
1428
1628
1918
7204
2888
1640
2540
1574
1609
3087
1276
2671
5324
3284
7063
7139
1814
3746
1689
2022
2325
1861
1978
6494
2998
3001
3778
1543
2905
1527
2416
3693
4049
5448
1270
1359
3547
3915
1323
2188
2960
4148
1380
2626
3487
2813
5273
2623
3023
6419
2425
3248
5649
5999
1951
2995
4688
5330
1329
2750
2907
5255
3234
6986
7142
1313
5802
7013
1581
2186
2496
1511
2443
3571
7168
1657
1868
5714
1970
2442
7114
2075
2209
5024
4591
6985
2895
4327
1393
1933
3089
1523
4674
1380
1453
1731
2901
1562
3222
4546
1892
2414
7010
7125
1224
4017
7143
1525
2169
3971
2024
2338
1783
2528
3694
4819
5313
1243
5918
1355
1424
3162
4110
4502
1257
4520
4858
1451
4856
1254
2556
5546
1231
5471
5855
1986
2786
3852
1336
3668
5192
1778
2576
4322
1583
1990
1669
1717
1848
1289
1415
1809
2504
1311
2542
1620
3167
2960
5812
3437
3618
1783
2344
5608
1448
2077
3553
3620
5454
1278
1793
4291
2059
2888
1381
1776
2507
3215
1470
1308
1723
1462
1872
2616
6989
1337
1795
1452
2164
2826
1280
2181
3731
5052
1273
2082
3757
5516
1475
3365
5859
1271
2078
2263
3063
6559
1638
1679
3614
2172
5673
1468
3820
7023
1740
2009
2286
2841
2944
7234
3209
3700
1266
3795
5947
1310
2326
3211
2401
3256
4081
4525
1321
1437
5327
7129
1528
1693
3805
1752
2789
4378
1575
3034
4292
2129
2417
1305
1376
2567
5775
1348
3508
1826
2856
7207
2264
4066
3146
5172
2792
3775
1852
3183
3874
3328
6175
1627
2249
1695
3983
4887
6298
3807
3886
1312
1320
1476
7037
3745
4835
2091
2106
4198
1293
1635
4220
7098
1388
3230
3856
2003
5682
1554
1926
2498
3404
1458
1464
3518
4025
4559
1386
1533
3299
5886
1802
1609
3344
3840
5730
5619
6535
1428
1918
1319
2965
4009
7070
1811
2071
2417
4018
2360
2384
2911
1396
2333
4632
2545
2874
1465
2321
1659
2623
5023
1732
6123
1855
2607
2977
4538
5202
2002
1476
2886
3667
1614
2497
4991
1706
2122
1480
2403
3019
1379
1989
4804
7028
2114
2867
7190
1557
4208
5487
1836
4455
3179
3667
7036
1670
5224
7130
2772
5121
1438
3153
1589
3912
4732
2330
1965
1332
2095
2843
2831
2948
7057
1598
6977
1619
5957
1796
2029
2141
1512
1587
1612
4178
3135
3868
1806
2105
2375
2957
2996
3461
1722
5337
1357
1465
3610
2346
3090
3250
2060
2174
1603
3595
5480
1448
2537
1873
2749
4199
1725
1775
3952
1707
1881
2795
2481
4458
7099
2552
1630
2813
1565
2561
5076
7125
1757
1948
2473
6363
2013
3186
4394
1647
2869
1454
2984
4116
1519
2252
2823
2295
3423
1655
4603
1594
2678
7056
2484
4266
5881
2444
3774
1861
5476
6744
1428
3933
2275
3687
3969
1538
1909
2217
2163
7239
2229
4721
5454
1816
1817
7135
1895
3255
1553
1588
3170
2227
2660
5048
3293
2729
3163
5098
3649
4274
2780
4575
5759
2282
2431
2545
5028
5457
1636
3416
5538
2262
1851
2022
6997
1551
2267
3813
4878
6445
7002
1658
2246
2710
3274
1701
3225
5927
1980
3397
1922
2638
1403
1536
1972
4384
1772
2506
2583
1740
3904
1487
1661
3322
5590
4069
4762
2871
3093
1986
2489
4417
6133
7027
2280
1972
3861
4778
1727
3666
4974
2482
5508
2438
3931
1534
1954
4288
4799
2344
1971
4541
4692
3911
4501
3960
1671
1789
3790
1562
2789
1435
1589
1768
2260
1572
6089
1724
2886
3861
2435
4378
1801
7078
2944
3276
6624
1481
3121
4318
7075
1426
3629
3659
1422
1436
2510
5955
3668
7044
2173
1436
2449
2725
3320
1519
6159
1741
2620
4136
2264
4063
2711
3947
5307
3840
1487
1661
3260
3355
2194
4975
2224
2674
2835
3530
2148
2601
3069
1663
3224
4563
6965
2033
3067
4200
7096
2198
3406
1702
4784
2446
2625
3292
3402
1703
2745
4092
2810
3097
3285
1616
2101
2294
3645
1921
2081
7050
3475
4828
1558
2088
5569
2048
2427
2975
1492
2117
3669
1484
1969
1700
2715
2143
2807
6889
2262
2490
4076
5646
2434
4311
1690
1743
2391
2847
5613
5944
7107
1800
2853
4297
7202
2393
4721
2084
3344
3673
1632
4196
1531
1567
2115
5178
2073
4681
2321
2577
1489
1905
3325
1688
2347
4092
5002
1538
1624
2239
6970
5750
1595
7169
1898
2175
7012
3374
3844
4734
3560
7120
6423
1804
3137
7077
2504
3101
7018
1780
3446
3830
2455
2126
2445
3781
1711
1796
3211
1606
3941
6616
1750
6162
7071
1774
2409
2675
7221
2047
1686
3563
2276
4928
1668
2577
3380
1698
1878
2091
3021
1610
1827
3289
7080
1874
3447
1916
2979
1505
4856
1767
1777
1987
4530
2147
3738
4328
2579
3995
5074
1770
3027
3843
1518
2734
5093
1753
1788
3499
1539
1712
3784
1560
2057
2753
4914
1608
2149
1598
3764
1549
2519
2419
2904
1545
1648
1622
1805
5819
7082
1939
2050
7167
2763
2844
5874
2003
4618
1847
2224
5084
1708
1719
3950
7013
2663
5135
7012
4035
6057
2061
3771
1541
4145
2221
4599
4914
6684
3302
5346
7153
3119
1790
3612
3729
1851
3277
5384
1546
1617
1865
4503
3010
3393
3701
3047
3853
1584
3306
5978
2185
3321
6459
2204
2779
1914
1917
4099
1701
3493
1536
2072
2111
2177
2275
2534
6563
3861
5655
2387
5879
3743
5824
2178
3222
5726
2096
3414
7130
3048
1578
1902
3021
3078
2846
2905
1905
2278
2369
2187
3262
6047
3103
4602
7079
1838
2056
3492
7075
1699
1891
3054
4444
3002
4685
1981
2658
5531
2718
5462
2434
2574
4929
5261
5601
1959
2725
4874
1681
2353
3095
1570
2372
2605
2976
6745
5837
3188
1803
1904
2057
2362
4134
1596
3924
7039
7133
2293
5416
1912
2588
3436
1745
3719
4740
2204
3907
1609
6387
1756
3014
3085
3292
1984
2296
5647
1824
2110
2317
5291
5266
5309
2176
2329
3004
1765
4169
5972
1594
3192
3604
2996
3167
5799
1870
4289
5397
1627
1637
1829
7090
1649
7138
1713
1761
7074
3082
3506
1990
3858
4447
3320
5845
7254
1586
2015
2339
2756
1779
2321
3142
2355
2656
3932
2250
2936
2260
2609
5483
7185
2953
3579
6252
2260
5362
3496
4015
5641
1713
6200
2385
1940
2695
7134
1820
2604
2941
7087
4745
5315
2202
6977
2199
2341
3093
4966
2215
2663
3305
5850
2457
3165
3812
1961
2593
2824
3605
1710
6053
7050
2088
2619
3742
4665
2138
2866
6145
2926
3513
4790
2844
5049
5922
3251
3990
4094
2169
5499
1683
1766
3327
4448
1781
3542
1865
2487
7080
4887
5397
5553
6019
4180
6011
5210
6180
7035
4102
5701
7081
1830
2770
3384
1909
1911
1810
2151
3996
4185
3030
3079
3953
1829
3673
5428
1788
2701
3842
5273
7202
1758
1872
7220
1819
2121
2791
2900
2586
5983
7097
1991
7029
3763
6340
7089
1899
4314
6189
6903
7118
1696
1704
2540
2214
3340
3885
1819
2801
1688
1955
2099
3899
1713
3192
7073
2087
3394
4652
1774
1863
2561
1726
1794
2394
2187
3392
4733
4758
1772
2849
2669
6978
7130
1708
3042
4295
2485
3330
2457
4241
6217
1948
5272
1739
2406
3964
5435
2436
3621
4349
1754
1968
1998
1845
2253
2472
3190
5699
1913
2943
1937
2218
1842
2137
2378
3833
3762
4585
2537
3026
2309
6990
1735
4976
5244
1835
3357
5038
1702
5114
1706
5471
4915
5753
2571
7065
2587
5211
3160
3529
6598
1730
1897
3460
4669
1716
1771
2784
4920
3281
5303
1899
4486
1699
1792
1891
3695
5150
2443
3281
5019
7253
2467
3410
5660
2043
2201
2344
4605
1869
5356
2485
3366
3712
3497
1927
3572
4800
2257
4421
2799
1782
3050
7066
3316
6052
1742
2458
3368
1855
4008
5245
1704
4765
4959
1815
2086
2113
4381
1878
4988
2558
3516
4627
1791
5952
2274
3625
1814
5687
4807
2787
6092
2052
1725
3767
6178
7012
7027
1931
5002
5290
5730
7113
1755
1832
2571
2000
2178
4915
5568
2849
3534
6001
2416
2953
3081
1924
3753
4054
1979
3984
1885
2522
3970
1882
6133
2040
5493
3219
3249
4192
5227
7062
7267
4194
5761
2170
5655
1794
2869
4157
2646
7163
1900
3158
4873
7095
2299
3412
5083
2900
3005
4771
2069
3734
4242
2447
5195
6968
3207
7235
1812
1875
4412
5799
1786
2241
2252
3036
2036
2212
2558
7157
2254
2842
4171
2370
4322
2286
3904
2500
4218
7163
2474
3488
1985
2947
3206
1818
2330
2897
5307
2526
7212
2202
2394
4111
2340
3447
6107
2210
2652
5824
2014
2621
2686
4094
7072
1935
2432
2778
6003
3102
2290
4296
2195
4722
6631
2100
2602
2855
2954
7049
3171
3574
6342
3049
7219
2707
3677
3836
7148
2128
3545
3846
1784
2186
2420
1904
2744
1963
2155
3704
4831
2758
2396
3915
4306
1777
3326
4033
3912
4566
1941
2047
2641
4034
4194
1924
3022
5448
5166
6108
2477
3140
3288
1863
5630
1776
3439
2051
4225
4735
3799
4951
2339
4598
4837
1982
2283
2450
5162
2100
6190
7065
1960
4165
2412
2902
5568
2173
4958
2252
2715
4591
5212
3663
6412
2873
3790
5627
4177
5865
2134
2297
3145
1852
5600
1815
2086
7268
2108
1962
1966
2319
2980
7109
7188
1807
2146
2315
4121
2011
2459
3588
6018
7077
2006
2116
3369
1837
4967
5560
3921
2738
3435
2923
3193
5982
2254
2315
3564
1866
2179
2924
3998
2209
2765
2961
3965
5424
3022
3601
1875
5102
5660
5625
5504
4469
4905
4068
7135
2115
2222
4928
1962
2933
5119
7088
1854
5914
1867
2723
3246
7048
2020
2407
2511
2626
2901
6043
2091
3067
3731
2234
3420
3522
2866
3266
5160
1925
2389
2518
2666
3202
5267
2207
3359
3838
2311
4275
5088
2108
2174
3498
1890
1896
3744
2216
2758
3057
1979
2292
4863
6016
6421
1904
2482
6364
6392
7076
2281
2688
5180
2597
2637
3020
2068
2274
3625
3686
2581
5108
5257
1883
1953
3058
7121
3368
5891
1983
3259
2085
2523
2685
2851
6455
3200
3948
2591
4070
4645
2402
4668
5116
2125
3425
2776
4875
1976
3775
1906
4439
3100
5874
1934
1961
5652
5706
1960
2043
4830
7035
2039
3578
7032
2007
3388
3546
4467
2031
2467
4558
3558
7052
1871
2237
3632
5915
2277
2757
3998
2293
2855
1874
2166
2189
5664
1902
2533
5481
2238
3189
4102
4006
2326
2337
4299
4725
1944
2289
3064
5842
1989
2722
3416
5594
3533
5878
5993
2404
2509
3037
3683
2041
2255
3767
5005
6131
2153
2493
2689
2307
2598
3327
3682
4725
5905
2084
3028
3209
4693
5744
2114
4832
5233
2076
2345
5713
2021
2142
3380
2134
5591
5758
7126
1931
2017
4509
2387
4102
5701
3865
1923
2021
2314
3005
3017
3630
3584
3821
7027
2329
4662
2291
5132
7096
2649
3559
4678
5267
3375
5061
5502
2305
5342
2945
3823
2627
2686
5768
2285
2754
2819
2431
4791
2266
3183
4871
7002
2431
5775
2331
2788
4660
3074
3381
3401
2089
3436
4931
3367
5858
3483
2273
2397
1930
2683
3560
4750
4131
7051
2129
2638
3133
4130
4423
2025
2518
2836
1959
2946
5003
5674
5804
2208
4161
4636
2546
4032
5727
2335
3154
6240
6234
2083
2326
3211
2910
3429
4900
2604
5717
2057
2098
3524
2397
2859
4290
3227
4413
3437
4525
4930
2284
4789
7038
2365
4792
1994
2152
2698
5102
2382
5588
7214
2757
3237
7116
2269
2404
2813
2890
3486
2499
3823
7116
4895
2150
2182
4312
5344
3132
4273
2793
3760
5683
2889
3060
4720
2493
2817
5811
3831
3032
3572
5318
2428
2861
3418
4271
5806
2132
2291
2737
5573
2051
4002
4133
5966
2900
3661
4007
5694
2489
4533
2993
3495
1997
2612
3504
2195
3999
4850
2442
6014
2065
3871
2423
2564
3519
3851
2184
3639
3543
4260
5638
2270
5906
2767
3655
5131
2494
4304
2055
4193
2016
2168
3831
2165
5183
2837
3692
2257
3206
4847
5150
2157
3309
4101
2480
2955
3060
2908
5891
4341
5168
1997
2551
3737
2671
6116
2184
3639
5301
2097
2698
2837
4267
2176
2329
2905
3759
2933
3859
2827
6391
3608
7208
4511
4657
4910
2413
3691
3827
2994
3022
2879
4594
2664
2668
3181
2160
4864
5839
3479
4535
4560
4756
6197
2035
2124
5745
3104
3278
4354
6130
2438
5651
7201
3294
3452
5052
2054
4845
5712
2380
5898
2055
2756
4193
2283
3613
4120
3523
4456
5504
6997
7232
2359
3552
4541
2654
4140
2273
7166
2097
4637
2030
5909
2338
2815
3310
2303
2836
4770
2885
4090
4353
3297
3361
4924
2191
2302
5659
2843
3249
4024
5891
6247
3045
6268
2805
7086
3773
4438
6221
2112
3208
2212
3516
4548
2408
3097
5540
3018
3960
5217
3946
6432
3679
2255
2554
3618
6083
2887
5596
2882
4135
4586
5231
2354
2468
2761
5760
2194
2248
3447
3582
4689
2644
2981
4031
2320
5572
2284
3764
5961
4309
7034
2578
4271
4997
2322
2324
2700
3656
3734
5074
3397
6161
3721
3789
5729
2778
2300
2390
2095
2141
5949
2108
2578
2642
2673
2870
2360
2791
3112
2225
2906
4231
3871
2206
2288
3889
5234
2258
2435
3083
2947
3370
2490
4408
6167
2856
4918
2840
3232
3601
2111
3857
4767
2891
5979
3025
3785
3935
5011
3466
4018
2680
4876
6023
2537
3746
2129
2160
3168
3302
3723
2081
2310
5079
7050
3065
6437
3209
5030
4675
2497
2628
3335
3649
3647
2711
2992
6094
3443
3486
5370
5814
3238
3848
7131
2136
2342
2650
3204
2225
2906
4024
5478
2888
2373
3068
5840
2325
3066
2223
6539
2877
2962
6131
2633
3219
2721
3911
5782
2214
2810
2464
2479
3399
2119
2766
5194
2662
4144
4971
2203
2243
2483
3606
4997
2145
2516
4074
6074
2794
3544
3784
3494
4036
2312
2739
7240
2180
4723
5496
2330
2779
3382
2952
3067
2496
6421
2774
3338
4143
3874
4767
2520
2982
4669
3647
4419
3633
4754
2312
2480
2507
3218
5129
2660
4442
4561
2368
2433
3084
7009
2488
3739
2227
2376
2517
3107
4879
2616
2702
2463
3243
2580
4058
4249
2236
2242
2828
4834
5515
2342
2728
2894
3494
4036
2157
2487
3309
3870
4471
2914
3080
4100
5489
2149
2619
3380
2164
4167
4656
4416
6966
2759
2879
3726
2512
3291
4039
6033
2882
3069
3271
2397
2859
2899
7097
2694
4495
5230
3066
3682
5139
3058
3139
7093
2211
2240
2290
2441
3440
4942
2481
3400
3885
3689
5901
2574
6116
2737
3118
4049
5740
6120
2303
3011
3684
7124
2279
5208
5249
2608
5371
6241
2223
7001
2166
4629
7106
5714
7105
4724
7177
3335
5008
7037
2220
3633
4203
3596
4520
5495
2721
3351
3035
3344
2798
3584
5802
2793
5643
3749
4155
6206
2979
3094
3353
2724
3764
2249
3294
5814
2295
4279
7098
2337
3115
2949
3868
4774
5082
2875
2915
2625
3642
5475
2226
2677
4907
2311
4986
5174
3537
2259
3262
4651
2266
2353
2894
3874
2248
4975
5755
5867
2349
3250
3477
7020
2392
2466
2672
2702
2800
3391
5412
2644
3920
2213
2340
3051
2392
2466
2887
2692
2738
2931
3118
3808
2350
2556
2579
3214
2288
2453
2775
2770
4003
4335
3824
2765
3804
2447
2672
4489
2544
4385
5045
5280
3733
4809
5671
2420
3670
4791
3543
5075
2328
2446
3153
4349
4162
4247
4506
4722
2276
2897
7016
3786
2614
5299
4236
2677
2747
4263
3816
5740
2356
2936
2508
2708
2776
3175
3197
3553
3195
3216
6419
2464
3773
4440
2379
3626
3736
3754
5154
5308
2309
2536
2917
2744
3384
2238
3830
3831
3092
5169
6236
6971
2931
2693
3036
4010
4213
4712
2569
2869
3319
2471
2799
2950
2268
3438
4322
5236
2709
4012
4021
2323
2541
3178
5816
3261
4876
2425
3078
6071
3009
3674
7100
3817
3259
3398
3998
2512
5137
2794
3902
2327
3698
4350
6537
2533
2536
2927
3886
4347
4055
4520
5362
2410
3034
3694
7128
2564
3846
2914
5793
6310
2411
2755
2706
2772
2880
3059
2565
4849
4533
6418
2491
3697
4581
3452
3700
3439
2328
2446
6168
6652
2395
3008
4389
5132
3300
7165
2695
6969
4590
6930
3371
2796
3501
2305
3379
4175
3252
2299
2704
4528
2431
2365
4993
2381
2919
4589
3130
4054
4606
2991
3114
5784
7115
4708
6215
2463
2622
2341
3927
5449
6186
2333
3135
3728
2372
5553
2865
2978
3802
2505
3155
3501
3705
2390
3317
3471
2674
2835
3374
4475
3879
4449
5559
2666
3684
2377
6321
3710
5430
2365
4120
5008
7037
2705
3570
3583
2524
3599
3917
4660
3065
4029
4118
4075
4523
7239
2964
3379
4430
2506
2583
3300
3090
4713
4430
4539
2626
3758
5576
2371
2562
4229
5047
2456
6127
7187
2845
3901
4193
2539
3263
4184
3377
3878
4484
2432
3263
4768
2837
5030
3033
3992
5603
2710
2809
5235
2588
4935
3093
4031
7132
2721
2401
2637
6716
2683
5768
7234
2386
2393
5789
6014
2749
3637
2573
3404
6554
4688
3923
3579
2382
3100
7172
2392
2680
4404
2801
3832
2962
3001
4244
2430
2557
3246
3968
5672
7021
2579
2632
7153
3314
3891
4080
7274
2502
2812
3043
4396
2834
4869
4401
4468
4661
5049
5228
5477
4084
5928
2653
2840
4018
2688
2719
2773
6486
3092
3189
4168
4835
4855
2471
2845
3239
3769
3430
5521
6233
3403
5502
2421
2465
4224
4519
3653
3883
3919
2883
5583
2994
5348
2630
3220
2878
3928
5685
5094
5948
4051
7129
7078
2662
3340
5159
2530
2642
3632
3893
2581
3660
3581
3633
5250
2501
5403
2802
4922
7074
4796
5588
3844
4987
5090
2906
3906
5196
2846
2393
4020
7238
3451
4953
2472
2539
2700
3398
2575
4305
3238
3347
2947
3589
3686
3807
4721
2692
2609
3422
7096
2467
4772
2454
4169
5972
2510
2572
3105
4337
2650
3204
6018
3418
4380
4992
5031
7190
2455
4439
4501
3071
5945
3924
4126
2630
3048
6979
4065
3846
3914
5318
5050
5261
6174
3295
3372
4573
2755
4063
2420
6320
2469
2589
5065
6232
2542
5554
6043
2600
6983
4360
2596
2635
4724
5747
7268
5530
3131
3815
4109
2443
4789
7254
3953
4417
2731
4181
5852
3078
6990
2472
3582
2447
4031
2636
5453
5810
4373
4866
2723
2822
4661
3524
3656
2883
3290
5741
3745
4086
4435
2634
4097
7092
2470
2921
5294
7144
2459
5167
5958
7146
2890
5632
3877
4007
3403
4509
6338
3252
4734
2864
4442
5807
2672
2460
2717
2966
6134
2725
6009
2838
4045
5782
3184
3417
4747
2713
3147
5054
2775
4003
4938
4023
5444
6546
5574
6028
7110
6668
2676
4821
4276
2517
5251
5708
2667
3794
4069
4293
2580
3513
6156
3465
4200
2934
5765
2825
4109
2616
7131
6577
3555
4854
2560
3250
3675
5494
7143
3038
3239
7106
4249
6786
4962
2558
4444
7157
3766
3860
4158
4819
5312
5981
2918
3160
5791
2934
4833
5445
2967
4612
4650
5377
2730
2869
4157
4318
6002
7186
2768
3907
2515
2929
7206
3689
7080
3088
4214
5472
2519
3847
4417
6133
2576
2771
6356
2543
2603
5331
6509
3303
3829
4440
2729
3870
5767
2678
2965
4254
2969
3585
3629
3866
4286
7115
5370
5557
2645
3424
2812
3698
3898
3125
3310
4754
3155
3823
7116
4388
7215
2705
4002
2708
3045
5789
3071
5202
6447
2572
6292
4765
6297
2650
2728
2732
4838
2828
3003
3231
3407
2983
5086
7205
2879
5616
2717
4808
4324
4357
3002
3930
2791
3350
7160
2736
3722
3939
4576
3410
3929
4448
2727
3277
5566
2788
3580
3747
2555
3411
3936
4778
3818
7211
4009
4578
6331
2678
3547
3929
2876
3639
3719
2642
2727
5566
2566
2895
3308
4713
2928
3034
3862
7128
2536
4289
4058
6820
3535
4371
2917
2629
2640
5087
4184
2973
5684
3400
4484
3618
2986
5407
4361
5218
7158
4034
4769
6623
7091
2617
2684
5311
2557
2822
3017
4577
2666
2989
3140
4282
2597
3275
4222
2906
4019
2605
2762
3692
6502
2792
5263
2581
4221
4816
3194
4694
5581
6306
2576
2771
3210
4026
2589
3477
6265
3436
7011
2590
4587
5381
2606
3480
4569
3914
4394
2834
3408
2885
3106
3509
2874
5224
5412
2990
4208
5555
3606
4671
5339
2665
5170
5518
2670
3205
2618
2690
3404
2748
2867
2954
3358
7226
2939
5244
4072
7148
6516
3246
6572
7048
7225
3634
3947
2986
3884
4301
2807
5364
7101
5287
4670
5117
4878
5462
2781
3646
5936
2643
4114
4200
4473
5220
6106
7043
2750
3461
5779
3156
4443
4956
7174
2817
6278
3576
5649
2705
3215
4448
3319
4572
5216
3359
3717
6982
4321
5478
2633
3180
5772
2943
4302
4400
2941
2762
2976
3866
4286
4790
3100
3728
6503
3054
2782
2999
3172
3825
3152
4206
4684
7168
2755
5522
3297
4416
3530
5084
2735
3166
4140
7132
2655
4635
5693
2690
5863
3744
4365
2790
4477
4673
3279
3118
3158
3808
4363
3541
7145
3985
6716
5554
3472
5287
2685
2785
2697
5067
6273
4654
2746
3750
4139
5322
3187
7154
2681
2709
3709
2817
6427
2861
5458
3985
4360
5585
4100
4885
6032
2697
2764
6322
2740
2902
6320
3309
4082
7145
2691
2860
3354
3424
6352
5895
7164
3396
3685
4057
2804
3247
3285
3545
4695
5073
5354
3804
6121
6992
3238
3347
4049
5641
3480
7257
2684
4026
6694
2763
2970
4015
2829
5036
7242
2814
4331
3063
5404
6229
3816
2818
3608
4760
4138
4969
6070
3123
4583
6140
3594
3882
2797
4151
3159
5114
5900
3028
3344
3376
5610
7131
2920
4187
4481
3839
5413
5261
5276
5630
3497
4499
4195
4495
2965
5261
7108
6238
2699
3441
2815
3502
3755
5183
5041
3797
3472
5403
2703
3640
3763
3829
4899
2909
4864
7093
3958
5803
2726
2742
3920
4294
2823
3024
2961
5584
3370
4784
2720
2951
3110
6175
4492
5509
3215
4255
2909
3180
5532
2945
4241
3807
5195
4675
5226
5253
3295
4786
5329
5063
7147
3597
3709
2809
4021
3634
5681
3195
3263
3149
5321
6312
3748
4379
5700
2780
4948
5256
4062
6012
3813
4919
5288
3510
5142
5182
3138
3283
5622
4613
2908
5963
6288
3535
4330
5573
2769
5979
2851
4062
3010
6068
7269
4111
4809
7015
3010
3304
3909
2738
2931
3213
4780
4268
3645
3792
3468
3864
3926
3469
5819
4252
5053
3027
7244
3039
3912
4146
2769
2981
6105
3251
5347
6124
2816
3054
3203
3421
5625
2748
4395
4432
2942
4263
5218
2867
4395
6277
4766
3521
4271
6480
2785
2850
4047
4172
4967
5444
5805
2876
5522
4755
5657
3064
3501
3307
2839
3810
4074
2993
3197
3495
3922
3555
4264
4977
4634
5373
2854
2977
3908
4995
3481
3810
2774
4250
3786
4167
2872
3549
4233
4132
2775
4338
3697
5781
3432
5987
3510
5180
3464
4338
4307
6039
4768
5914
3791
5676
6465
3401
3415
4414
3077
3643
4475
3687
5275
3496
3753
2863
3950
3857
4317
5101
2805
3661
4046
4931
2795
3887
7199
6138
3102
4985
3385
2901
5304
3544
4081
3353
4227
3123
4143
2825
3873
6074
3038
3406
5224
5327
5027
6280
7073
3826
5728
2935
3607
5262
5818
3491
4088
4128
7026
4917
6141
3119
3918
4197
6459
4285
2916
4135
3945
5386
3012
2908
2930
4110
2988
3008
6364
7122
4328
6280
3521
3858
4173
2896
5299
5604
6251
3630
5831
3127
5900
2941
5942
7043
4054
3293
5835
4001
7238
3751
3822
3696
5006
7241
3033
4091
5435
7218
3108
4766
2918
3680
3912
4691
2917
2925
3073
3202
3095
2896
5870
4137
5035
5647
4707
6047
3548
3810
4164
3988
4049
6176
6355
6314
4269
5056
3076
5498
3051
5280
2871
4825
3396
4240
5046
2964
3880
2863
6315
4904
3391
4051
5327
3588
5069
5880
2977
3717
6982
3609
5070
3169
4827
3554
4296
5587
3356
6210
6356
4013
4111
4949
4204
5305
2967
3676
6094
6533
3789
5786
7075
3389
4820
5450
3244
3603
5496
3056
3080
3298
3456
3309
4481
4530
4377
3883
4234
4262
3414
5997
2915
4106
4429
5388
3032
5935
3646
3803
7154
2898
2912
3806
5046
3271
5903
5421
5714
3072
3512
3993
5564
3509
3365
5529
4290
6367
3099
3334
3432
4568
2946
3348
5003
3833
4869
3106
5734
5009
6417
3229
4472
2912
4932
5601
2991
3114
6442
3902
5082
7243
6246
7004
3536
4949
4095
5934
2930
3441
4864
2932
3574
4968
3906
4797
3455
4423
2958
3098
5394
4162
6056
5246
3888
5353
3202
3039
3272
3096
3324
4686
3052
3600
3630
3174
3716
4028
3161
3367
4941
3981
4144
5562
3094
3161
6365
3073
3984
6340
3675
3969
5279
3083
5608
3192
4209
7073
6022
6215
3171
5232
5340
4797
3223
6422
3395
4038
3170
3299
3421
3493
4433
3138
3283
5284
3356
5693
3012
3489
4391
4647
5971
4346
4728
7178
6281
4439
3536
4949
3268
3982
4402
6218
4237
5203
6453
4546
4716
4510
4793
3188
4601
4290
4612
4071
4677
4945
3193
5897
6017
3343
3434
3934
3386
4268
3169
3420
5316
6492
3895
5005
3075
3234
6091
7142
5166
5430
7069
3000
4096
7151
5029
3289
3664
4176
4842
3659
4170
4784
3081
4027
5228
3385
4441
4758
7138
3919
3135
3136
3166
3223
3602
3991
7175
3471
5824
6970
4871
5257
3469
3389
4732
5241
5012
5124
7184
7265
3317
3471
3875
4714
5311
2987
3111
4116
3039
3208
5315
4812
3111
6105
3502
6973
3462
4125
4366
4017
5125
5575
5926
7097
3433
3676
4544
3360
3148
3760
4507
6677
5920
3233
3463
4794
6741
3201
5094
5617
3937
4119
7232
3325
4238
7152
3775
6019
4798
3268
4834
4979
3385
4314
3280
4073
4363
3457
4693
5744
7182
3054
6392
6527
6414
5443
7123
3037
3473
3169
3525
5310
3609
3636
4872
3157
3346
3949
5256
3808
4577
4779
6647
3777
4956
3275
3473
7194
3470
3515
3972
3827
4030
4529
3127
5718
6016
3867
4980
5558
6046
4653
3205
3533
5155
3242
4166
5145
3342
3458
3483
5737
3349
4359
5466
3498
5806
4347
4514
3683
4647
5498
4263
3113
5552
6700
7085
3225
3456
3592
4004
3117
3950
6576
4350
4396
5960
3279
6430
7169
3086
4557
3798
4760
4918
3445
3622
3853
3964
4145
3311
4006
6263
3441
5113
7066
4041
5078
3841
5174
5286
3444
3872
4623
3080
3299
3922
3307
3525
4617
3538
5048
4598
3144
5029
3835
4265
4683
4846
3228
3769
4653
6061
6365
3824
4861
6519
4452
4633
3531
5452
3378
4037
4262
4387
5632
3672
4460
5168
3826
4414
7127
3308
4121
4630
3769
3901
3172
5413
5942
3470
5326
6096
6056
4027
6983
3506
3900
4165
6331
3651
6188
3188
3288
5788
3517
4485
5789
3248
4169
3329
3545
4313
3429
3796
6358
4713
3120
3390
4479
7124
3941
4031
3367
3959
3387
3551
6496
6013
3343
3520
5120
3527
4681
7172
6658
7019
3439
4503
4602
3267
4860
6468
3382
4337
3983
4666
3632
4808
5915
6259
7058
5167
3264
5667
3315
4132
4454
4802
5471
6702
7086
4312
5128
3637
5345
3674
4880
5688
7100
3199
5156
4376
4182
3390
4383
5426
6192
7076
3776
3845
4550
5350
3338
6402
3505
3518
3935
4061
3197
3755
3433
3638
4196
3625
5114
3136
3166
3321
4422
3287
3942
4310
4482
3148
4817
4991
3496
3957
4519
6549
6667
3919
5778
3868
5621
5096
4638
4659
6638
7094
3462
5535
3419
5175
3782
4837
3245
5787
6237
7119
3649
3695
4775
5696
3376
6196
3149
5088
7150
4717
5237
6661
4595
5064
5271
3241
3628
4390
4836
3615
4564
6653
4505
4762
6006
7233
3301
4788
3301
3748
7174
3346
3254
5385
6082
5512
3681
5280
3625
5295
5686
3291
3427
6297
5277
3645
5413
5942
4640
4782
4852
3642
4011
5751
5551
6851
4671
5339
4147
4189
4278
3866
4050
4450
3495
4060
3749
4097
4603
3587
3612
3729
5425
3400
5631
6416
4999
6035
5680
5839
4273
4583
5633
7170
6502
7003
3573
4046
4824
3261
3568
4065
3487
3607
5712
3466
3726
3972
4983
6206
3322
4529
5259
3328
6088
6496
6045
3214
5292
5325
5122
6396
3423
3881
3961
4270
4029
5349
6231
5302
3984
4174
5827
4221
4336
5193
5267
3493
5715
3211
4358
4690
7088
4391
4104
4644
3229
3371
3751
5469
3435
4719
3521
5346
4506
4642
3257
3660
3936
3425
4736
5047
6190
4654
5290
4122
4563
6814
6967
4621
4983
3773
7176
4803
3592
4177
3467
3526
4493
4687
5075
5320
3978
4142
5739
3884
4664
6160
4364
4402
5723
3988
4323
4360
4056
4154
6054
3308
3854
3359
3717
3728
3819
3708
4708
5759
5045
6963
4219
6082
3837
3981
4942
3341
4153
5391
5932
4200
3526
3603
4493
3562
3992
7120
4813
4038
4965
5159
4149
6298
6154
5902
3774
3317
6105
4319
4376
4873
5961
6521
4615
5910
3690
3715
5762
3478
4978
5343
7162
3273
3771
4540
4776
3986
5374
3780
3283
6086
5240
6400
7079
4078
4987
6067
4257
4462
3321
3542
5033
3565
5170
5943
4700
5176
3615
4960
5973
3459
4540
5093
4012
4072
5136
4136
4218
6396
3335
5795
3531
5675
6038
5650
7170
3600
4073
4464
3296
5303
3772
4210
5546
3565
6542
4285
5262
3332
3538
4226
7186
3836
3942
5704
5873
4355
5656
3635
3651
6109
3442
5422
5873
5820
7000
3617
4517
3694
4002
4627
7253
4261
6319
3360
3456
7000
5404
3311
4388
3748
4788
4680
4845
4467
4643
5977
3864
3909
5786
3595
5371
4789
4663
5310
5734
3755
4203
3330
4113
4392
3337
3352
3635
6208
5690
5969
4132
3805
4592
4752
3614
4403
4671
4627
4526
3813
4030
3585
4019
5268
7040
3551
5037
6326
3371
3710
4033
4101
4306
5269
6495
6665
4313
4447
4781
3366
3947
3830
5169
5811
7185
5024
5563
5187
4478
3484
3950
4047
5005
4917
5364
3522
3779
5018
5246
3733
5897
4303
4891
4994
3483
5947
4040
5889
4179
4374
4277
6376
5824
3450
3511
5851
7217
4483
4779
7159
5377
6546
3811
5012
3892
6836
7119
3771
5468
6483
3927
5783
4305
5190
5375
4004
7001
4162
6135
3593
3711
4787
5405
3779
3812
3855
4651
3761
4184
4777
7106
4458
4853
4368
3488
5309
3479
5993
4126
6387
4096
4672
5381
7127
4127
4523
4612
4933
5009
6007
5720
6562
3878
5369
5461
4277
4571
4806
3458
3862
4099
5710
4560
5863
6573
7213
5450
6607
5211
4839
5001
6635
3566
4298
4756
5362
5984
4703
7109
4066
6313
4246
4215
6364
6428
3607
4857
6350
4527
6663
4536
6199
4843
5710
4366
6153
4509
5508
3585
3414
3843
7134
3880
4364
5469
4674
7002
3460
4771
5520
7017
4083
4725
4329
4880
5792
3747
4280
5490
3428
4107
5185
5663
4633
4706
4843
5147
5149
5986
5988
5414
4317
6457
3922
4118
4344
4795
5463
4270
6695
5368
5795
3714
4865
4947
6764
3994
4649
4812
5025
5331
5408
3449
4134
3434
3756
5225
5394
3527
5121
5328
4600
4883
4102
5169
6094
4581
5572
6595
3451
4971
6041
5113
3725
3994
4565
4622
4764
6423
4053
5141
5442
4216
4707
5032
3582
3453
4202
5459
3974
5189
4410
3877
5537
5709
4300
6201
3616
3896
4841
7246
3610
4423
7166
6119
5735
6676
7182
4430
5570
6992
4371
4753
4044
5930
5873
5911
4056
4909
6114
3522
3627
3808
3548
4018
4631
4870
5391
3939
5376
5456
5814
5352
3489
4136
3619
4224
4655
3888
4311
5543
4138
4189
5472
4798
4412
5799
7161
5857
6530
6156
7257
3810
4356
5429
3528
3707
4562
5060
7204
3895
5077
5156
3512
3532
3672
4622
5945
3545
4447
5061
4944
3546
4064
5511
3821
3975
4163
3721
4946
6030
3874
4092
4164
3869
4078
5000
5839
3688
4246
6215
3564
3577
5137
5653
3590
3699
4616
5547
4480
3867
4383
5882
6353
3586
3661
3790
5264
3587
7041
3854
4008
4851
5016
3536
3591
5747
3532
4067
4882
6999
5397
7060
4732
3799
4202
4951
4325
5913
3914
5612
4137
4697
5956
5074
5797
3641
4456
7237
4401
6204
4786
4295
4562
4609
3938
4346
6689
4180
4437
5387
6099
4652
5072
5878
6980
3702
4041
3958
3598
3787
3879
4226
5048
3691
5065
5644
6426
3714
4340
6098
4114
3645
5104
4803
5291
3837
3694
4448
3726
4164
3638
4811
3732
4266
4344
7227
5946
6088
4799
6206
6995
7051
3665
4369
4735
4989
3735
4258
5435
7195
3575
4743
4777
5184
4084
7053
3566
4141
6158
4258
4428
3644
3963
4265
5570
3801
4542
5650
3712
6197
4623
7063
4141
4298
3593
3750
4040
6471
3656
3834
5127
3577
4171
5208
3678
4573
6226
3764
4684
6171
4521
4747
4954
5408
3780
4283
5595
3642
3985
4827
6020
3783
4033
4508
5770
3604
3706
5083
4162
4924
6310
7105
3740
4736
5525
6096
6167
4170
3704
4470
4516
3626
5516
6681
4421
4453
4934
3699
4527
5085
3958
6275
3962
4939
4550
4912
3794
4866
5283
4339
5702
6000
4021
4648
4995
3787
6619
3747
6293
4187
4457
4814
5448
3741
3913
6374
6327
5276
7222
3643
4133
6541
4412
4884
6146
3787
7054
3720
4228
4569
5026
4407
4212
5832
5315
5777
4813
5062
5449
5649
6611
6043
3821
4580
3852
4212
4533
4072
4921
4053
4980
4636
5250
6321
3716
4048
7173
7229
4407
4730
3654
4666
4303
4859
5735
5268
4041
4451
5697
3736
3744
4476
3811
5741
3787
4763
5677
4207
4948
4234
5995
4740
3887
4940
4509
6391
7238
4984
4119
6443
3835
5004
4706
3657
3672
4642
5805
4381
4673
5507
7200
6208
3917
4367
6324
4400
3658
3791
4666
3820
6657
3834
3672
6656
3791
4353
4608
6290
3715
3688
3792
3866
4569
7230
3688
5264
5828
3671
4712
4715
4369
5221
3727
4673
5507
3878
4115
5930
5746
3743
5530
3903
3910
4842
3840
6487
5674
6672
4050
5206
4574
5328
4069
5282
5340
3740
4587
4993
4960
5519
5954
4000
4079
6807
5269
5525
4152
5289
6118
7184
4351
7264
4825
5718
5908
6854
6092
6606
3861
3936
6384
6523
4255
5906
3838
3951
6252
6306
6151
6266
4359
6893
4749
5922
3731
5052
3951
5396
6414
3966
4449
4930
5552
4942
5440
4280
5226
5278
4931
7222
4783
4801
5042
4575
5587
5110
6125
4238
5469
4098
5439
5609
4814
5342
3801
3992
4350
4406
4206
5635
4036
5115
3894
7230
3897
3841
3908
6312
3818
5164
4012
4526
4867
6641
3816
4205
4459
4166
4852
5932
3730
3923
5618
6507
4415
4630
5066
4920
5877
4773
5194
3920
5944
7107
3996
4795
5171
5200
3944
3995
4159
4726
7218
5268
7040
3859
4231
5149
5464
5877
6129
3955
4214
6672
4229
3765
3986
6476
4365
5778
6470
4086
4554
6053
5580
4379
4461
4512
4787
4457
4464
4172
4191
4478
4491
4109
4117
4730
5975
5095
5409
5438
6536
4447
4781
5576
4095
5446
6328
5822
5197
5741
7105
3887
4940
7199
4675
6112
3863
4607
5374
4597
4844
5678
5499
5853
5670
5933
4345
5624
5640
5696
3921
4504
5089
3913
5249
6399
7197
3934
4040
4833
3800
5804
7197
3793
6505
5122
4318
4561
5192
4465
5559
7033
4511
4781
4559
4759
6410
4868
5750
6597
4516
4443
7229
5277
4848
5349
4081
4744
6178
4895
4921
5561
5135
7033
4087
7163
7192
4485
5459
5617
6050
7198
4588
6430
4343
4775
5939
3928
4503
4531
4356
5563
4759
5389
4763
5205
5021
4070
4114
5970
4743
5338
4370
5277
5590
4153
4483
4836
5567
3957
4181
3926
4741
5730
5388
3897
4592
4773
3860
5724
4010
5251
5723
4443
4161
4861
3937
5999
6143
4363
6384
3872
5369
7036
4528
4643
4216
4384
4572
4826
5539
5258
5364
7140
4072
4077
4470
5892
4335
4579
7162
5548
4585
4034
6272
3934
4600
5893
3899
3930
5432
4605
5593
3876
5583
4198
4532
3953
5145
3857
4767
6344
3954
4756
4370
4411
6409
3884
5048
7121
5655
4259
5712
4572
5173
5510
4209
6148
3913
3925
5390
4838
5222
6355
4053
5527
4022
4078
6455
4624
5379
5600
5985
4267
5796
4054
4817
6276
4678
7160
5209
4953
5044
4115
3966
5060
4943
4979
3961
4445
4555
4293
4334
4583
4890
6103
5407
6199
4453
5021
5273
4888
5196
4243
5749
5926
4472
4771
4089
5165
6439
4124
6352
4051
4042
6403
7144
4244
5890
5393
5754
7245
4269
4761
5186
3955
4076
4182
3978
4242
5661
3910
4073
6341
6748
4593
4728
6629
5249
5523
4233
4814
4032
6322
4215
5563
4840
5270
4501
4613
5848
6013
4292
4772
4043
4504
4595
5325
4955
5276
6025
5585
3923
4537
4029
5689
4126
7039
4333
4604
5589
5024
5618
6108
5697
6401
3970
4009
5748
4276
6227
3957
4015
4923
3948
4539
7204
4559
5792
6214
4385
4710
5092
5579
4497
4815
5126
7195
4422
5136
4392
5314
3995
4898
5639
5186
5645
6429
3976
4101
5566
4368
5038
7203
5256
7150
4579
3971
3979
5210
6565
4008
4877
5588
4518
5804
4764
5798
5477
5803
4674
5153
5091
6182
4939
5486
6651
4957
6152
6802
4219
4315
5514
5872
7155
4230
4207
4284
4948
5319
4468
4694
4841
4590
6250
4165
6331
3979
5384
4920
4083
6063
6201
4168
4035
4609
6057
4398
5158
5541
4248
4755
5549
6488
5499
5884
4521
4676
5513
7178
4881
6144
4257
4666
3991
4055
4502
4693
7270
4376
4334
5505
5544
6147
5055
7005
4045
6047
4067
4682
5562
5964
5976
4818
5230
4103
4320
5049
4579
4850
4941
5109
7237
4701
4592
4752
4656
4108
4117
4480
4620
5783
4246
4780
5081
4083
4176
4624
4084
5492
5630
5026
4157
4023
5877
5875
6159
7111
4667
5215
7041
4951
7237
5465
4663
4774
5533
4236
6219
4592
4773
7098
4644
5781
4356
4553
4450
5157
5597
6441
4878
5548
4508
4769
5040
6069
5101
4446
5419
5766
4705
6031
4121
4565
4512
4371
4048
4055
4751
4474
4892
5346
4766
4048
7175
4935
5866
4172
5077
5162
4790
4452
4129
4211
4500
5152
6104
4858
4785
4996
4211
4616
5477
4882
4638
4911
4972
5582
4426
4654
4383
6666
5384
7151
4108
6062
4470
5264
5766
5127
5955
5813
5314
6975
4077
5531
7212
4107
5185
6341
4085
4519
4251
4556
4518
6131
4762
4848
4860
4424
5280
6090
5123
6295
6853
6161
7146
5648
4519
5152
5974
6712
7191
5238
4896
5059
5650
4287
4714
5081
4761
5209
4122
4416
4584
5352
5904
4424
5667
4457
5078
4461
7091
5007
5619
6579
6497
6119
6135
5158
4611
4823
5296
6353
4297
4981
4490
6422
6580
4574
5331
4117
6062
4809
4331
4804
4157
4160
4279
5300
5713
5631
6261
4130
7216
5268
4433
5079
6758
4384
6010
6339
6296
7224
4499
4821
5252
5497
4428
5363
7119
4253
4796
6244
4690
5328
5663
5995
4163
6279
5188
5358
5039
7215
5840
5987
6758
4168
4541
5968
4477
5035
5856
4971
5626
4432
4695
6829
4422
4569
5097
5565
4464
4472
5837
5177
4942
5564
5900
6978
4185
4263
4548
4155
4657
5472
4505
4774
5812
4984
5434
5649
5239
5483
5627
4425
5305
7194
4631
4840
4625
5623
6323
6065
4397
5111
5501
5909
5173
5606
6234
6587
7217
4270
6696
5793
6441
4580
6164
5641
4309
4308
4845
4917
5131
4983
5310
6387
5137
4478
4474
4680
5346
4940
6112
4256
4316
5348
4355
4879
7023
4923
5911
6244
6411
4437
6011
4699
4923
4197
5053
6976
7095
4777
4252
4795
4409
4724
4842
4879
4324
5956
6102
7225
5938
4317
5518
4201
4223
6315
4199
6588
6211
5082
5385
4495
6662
4234
4352
6247
4517
5709
6154
4491
5243
4557
4247
4754
4284
4615
5289
4235
5579
7210
4564
4865
5345
5854
6243
6497
5089
5335
5579
4351
6508
6010
6418
4431
5379
6072
4511
4657
7076
5879
4744
5947
6988
5143
7192
4300
5738
4325
5300
4329
6516
4827
4918
7192
4239
4272
5795
4735
5901
4498
4561
6258
4867
6403
7230
4736
5685
5677
4978
5216
4749
5106
5415
5442
4323
4399
6378
6698
7209
5733
4362
5929
6150
4348
6307
4893
5243
5368
4527
5704
6301
4251
4556
4408
4494
4938
5823
6304
6622
4326
6030
7228
4780
6056
4463
6269
5134
6437
4275
6195
5424
5463
4366
5213
6153
4466
4547
4991
4299
4316
4348
4427
5646
4815
5317
4680
4857
5712
4293
4901
4973
4584
4950
6135
4277
5264
4330
4530
4661
5401
5699
4818
5015
4623
6258
5056
4279
5292
4398
4893
5541
6634
4381
5841
4571
6412
4981
5828
5688
5344
5580
4382
4868
4796
5426
7124
4743
5458
5854
5200
6608
7258
4753
5520
5916
4291
5373
4847
6990
6385
6502
6228
4973
5042
5238
4708
5274
5880
6774
6502
4315
4342
4664
5099
5881
4352
5331
6378
5482
7180
4528
6271
5380
5721
6226
4557
4875
4394
4927
5145
4435
4482
5621
5771
5752
4515
5450
4965
5332
4758
5459
6180
6283
6346
4399
4811
5990
4823
5043
6344
5196
5478
5501
5459
4399
4890
4357
7226
6666
4913
4946
7227
4473
4626
5422
5464
6484
4449
4646
7259
5127
6539
4607
6330
6371
6209
6669
6484
7133
6526
6601
4889
4947
4434
4965
5168
4578
4820
5980
4389
5881
4775
5826
5980
5034
4514
4739
4427
6372
4698
4921
6064
5358
4544
5520
4987
5387
5361
5915
4553
4366
6222
4377
4690
4761
5585
4385
5034
4486
4909
6175
6001
6307
4976
6463
6293
5166
5742
4667
6155
6819
7017
4905
5138
5571
5578
4866
5521
5164
7031
4513
4961
5087
7092
4399
7038
4435
7034
4438
5821
4575
5414
6652
6985
4952
5736
6223
5950
4549
4628
4727
4903
4446
5918
6216
6263
6192
6392
4859
5031
6489
4944
6351
4405
4552
4560
4884
5007
5665
4568
5037
4802
5735
5411
6401
5407
6103
4854
5433
5593
5223
6478
7101
7062
7267
4487
6430
4924
5802
6501
7177
5204
7007
4651
5495
5921
4998
5297
5320
5654
5381
5586
4445
4551
5066
6167
4658
5711
4474
4696
4966
4778
4816
6050
5481
4526
5109
5607
6697
7193
4654
5875
5210
5884
4619
6240
4490
4963
5058
4539
4462
4834
7260
5974
6585
4969
5485
5564
4692
4502
4804
6072
7028
6491
5821
4768
5390
5765
6627
7137
4459
5214
4913
4936
4551
4555
6317
4465
7115
4959
6313
4514
5718
5567
6138
5385
6082
7070
5451
5917
5251
4650
5859
4576
5214
4682
4705
6671
6623
5301
7259
4755
5192
5515
4530
4547
4904
7152
6085
5163
5754
4905
6351
4894
4624
5140
5586
4771
4626
4718
4933
6443
5899
6438
6573
7123
4620
5831
6145
4848
5017
4723
5233
4853
5112
5051
5474
4568
6088
4607
5336
5941
6286
4751
5162
5400
4999
6035
5957
4496
4995
6168
5524
4717
4817
5976
5584
5414
5488
5509
6693
7196
4561
6638
5452
6219
4862
5188
6004
4956
5355
4531
4537
5620
5017
6459
5023
5122
4570
4897
6388
6749
4611
5296
5770
5304
6829
4698
4906
6163
4934
4820
5128
5148
4652
5440
4532
5814
5263
5304
5221
5278
5187
5670
5053
5663
4668
4802
4855
5501
5728
6008
5136
5085
5468
5707
6522
5456
6611
5734
5989
4552
6360
4899
4892
5254
5470
5038
5764
4588
4896
6137
6661
7149
4574
4824
6069
7263
4930
4606
6070
4795
5086
5605
6436
6084
6284
5637
5964
6999
7061
5641
5967
6696
4986
5774
6464
4772
7056
5983
5658
5135
5654
5973
4630
5637
5954
6427
5037
4688
5045
5100
5419
5705
4587
5466
5488
5222
5233
5270
6201
6268
5703
5719
6347
4610
4625
4839
6717
5544
5629
7224
5273
5324
5968
7272
5936
6058
6064
4686
4964
6553
4882
6510
5635
5791
5846
4805
6248
4966
5620
4745
5022
5334
4916
5510
5329
5958
5313
5780
6631
6294
6366
5070
5375
4746
5133
6780
5390
5447
5977
5596
6070
5921
4784
5327
7134
5040
5238
4614
4839
5201
4793
5328
5560
6546
4785
5201
5260
4948
5910
5043
5049
5491
5533
6248
5317
5363
6609
4716
5726
7081
6367
5361
5223
5794
5066
5989
4635
4982
5605
5126
5183
5398
6718
5233
5270
5997
5373
5617
5912
4757
6483
6593
4800
5368
6177
5431
6495
4862
5682
5715
6685
4679
4925
4926
7072
5805
6486
5041
6007
4740
5301
5030
5910
5465
5587
6155
6256
4853
5374
4894
5933
4731
5010
7264
5131
6349
6077
6259
5013
5242
5582
4970
5831
5051
5235
5130
5965
4847
6991
5110
5286
4828
4992
4779
5402
6803
7126
7161
4701
5526
6220
6487
6739
7177
5513
5691
5073
6024
5068
5896
6136
4782
6071
6031
5401
6746
5315
6517
5001
6479
4870
5433
6122
4792
5590
6418
5512
5519
5732
5460
4832
5817
5613
5894
4718
6656
5120
5354
5856
5323
5561
6301
5176
6682
5129
5365
4782
4822
4857
6350
6223
7110
5191
5294
6044
6476
4857
5168
4746
4958
5445
6335
4729
5836
6172
6305
4742
5951
6413
4783
6533
7032
5869
6072
5402
6024
4891
5656
7269
7082
7085
5661
4810
6742
4733
4780
4953
5029
6094
7011
5023
6558
4992
5357
6063
6026
7196
4844
4916
6540
4907
4885
5161
5679
6609
5703
7263
5732
4963
6552
4989
6260
4744
5529
6180
5844
5908
6520
7262
5189
5531
4934
5808
5849
5950
6270
5338
5133
5147
5513
5107
5347
6173
6511
5925
6452
4815
5126
6006
6704
6183
6669
5402
6441
5657
6091
4982
6210
6694
4980
5389
6146
7068
4921
4872
5205
6370
5240
6415
5454
5444
6602
5097
5443
6081
5913
5475
6267
4876
6482
5398
5688
5581
6700
4810
5994
7033
4996
5260
5815
5007
5157
6707
6602
5943
7064
6052
4909
5474
7171
4826
5027
5672
5748
4915
5243
5060
5994
4836
4901
7260
6506
5118
5705
7150
5914
6003
5367
6149
4822
6685
5995
5099
5872
4841
5725
5178
5108
5617
5802
7155
5678
6657
5148
5953
6671
6747
4931
5195
6968
5027
4952
4855
4929
4912
5359
6284
7246
5181
5365
5596
5694
6041
6702
5817
4958
5418
6212
4929
7160
4992
6529
6583
6496
4891
5567
6390
6145
6407
5606
5755
4898
5590
5923
7140
5017
4871
5539
5396
5743
5006
5461
6261
6610
5112
6327
5196
6476
7144
6856
5675
6678
5429
5801
5038
6989
6582
5283
5033
6381
5154
6382
6115
6636
5788
5965
6637
5876
6107
5213
5565
5588
5251
5534
6166
6045
5020
5062
6366
4927
6434
5248
6229
5308
5505
5353
5523
5752
6233
5585
6160
7270
5096
5441
6683
5072
6428
5272
5408
6157
6570
5045
5071
7248
5639
7153
5142
5765
6472
6892
4994
5160
5524
5333
6048
6643
4990
7151
5578
5067
5087
5664
4962
6612
7083
6721
4915
5753
6050
5431
6113
6309
5351
6390
4936
4946
5780
5805
5333
6793
5923
5931
6140
6276
5530
5852
6720
5536
6451
6515
5510
5536
5598
6610
5178
5342
5357
5291
4937
5039
5601
6552
5545
5988
6655
5039
5944
5987
6183
6349
6246
5430
5469
5739
5052
5514
5691
6503
6392
5634
6877
5629
6032
6319
5372
7207
4963
5278
5866
4970
5636
6324
5418
5004
6255
6644
5782
5240
6539
5777
6780
7091
5500
5879
5219
6337
6479
4969
5377
6546
5232
6472
5332
5076
5537
5260
6037
6474
5282
6036
5069
5895
6264
5197
5258
4998
5986
5416
6687
5149
5594
5899
6643
7081
5130
5310
5263
5753
7197
5221
6000
6272
5731
6687
5078
5671
5503
5961
5378
6692
5437
6783
5000
5149
5032
5879
5064
5292
6866
5173
5670
5756
5016
6768
5665
5943
6010
6740
5358
5558
6902
6425
5614
6021
6841
5184
5398
5467
6624
6002
7228
6151
5812
5103
5207
6505
5628
5634
6582
5190
5409
5608
6205
5334
5954
6256
5563
5382
5663
6404
5279
5457
5924
5212
5910
5360
6796
5445
5104
5400
5218
5528
6027
5044
5058
6507
6730
7047
6576
5547
6508
5058
6311
5829
5367
5697
5517
6333
7219
5929
5366
5676
6465
5352
5141
5825
5284
6124
6261
5165
6066
6570
6619
5500
5190
5725
5862
5325
6664
6589
5989
5323
6743
6087
6524
5507
5888
6186
5842
6798
7247
5892
5484
5998
5554
5636
6126
6775
6568
5119
5339
5920
5942
5213
5916
7069
5763
6752
6534
6540
5705
6548
5861
6254
5362
5637
5984
5512
5732
5951
6992
5193
6093
5380
5528
6377
5441
5565
5602
5666
5695
6068
5382
5463
6482
7256
5115
6382
5139
6445
5182
6151
5162
7229
5215
5279
6403
7143
5199
5925
6169
5123
5902
6262
5373
6111
5215
6155
5265
5830
5868
6731
6509
5761
6283
5172
5410
6796
5850
5988
6670
7149
5504
5841
6818
6039
6691
5690
6728
5383
6078
5286
5555
6551
5467
6003
6198
5367
6012
5434
5475
6733
5551
7148
6459
5571
6107
7249
6274
5229
5723
5415
5882
6035
6580
5436
6605
7193
5247
6890
7253
5265
5306
6765
5599
5695
6640
6382
5297
5722
5820
5835
5429
5477
5217
5314
7207
5731
5890
5834
7173
6606
5200
6581
5378
6400
5248
6073
6467
5433
5924
6295
5798
5175
6542
6076
7157
7227
6316
6729
5518
5306
6282
5194
5627
5448
5527
5574
6223
6042
5210
5577
6372
5207
6727
5595
5860
5872
7239
6647
6039
6506
5545
6544
5669
6374
6931
6761
6625
6205
5258
5741
5343
5594
6288
7083
5312
5535
7188
6810
5254
6277
5622
6150
5747
6730
5494
6250
5447
6444
6792
6590
6425
5480
5550
6222
6698
6125
7162
6648
6975
6662
5745
6257
6325
5716
5870
6541
5786
5623
6481
5438
6863
6504
5337
5776
6194
5296
5429
5708
6149
6220
6791
5903
6933
6380
6888
5640
5907
6198
6328
5423
6266
5348
5503
5853
6726
5732
5939
6732
5887
6128
6804
5963
6211
5916
6055
5374
6444
6771
7254
6435
5833
5975
6329
5266
5830
5909
6501
7019
5632
6236
5676
5539
5948
5364
5707
6224
6835
6495
6434
5304
5410
6566
5919
5953
6274
6204
5293
5991
6485
6860
6373
6412
5575
5809
6504
6125
5963
6470
5668
5862
5700
5614
5316
6241
7240
5727
6176
5931
6207
6224
5305
6447
5806
6314
5669
6776
5686
6571
5801
5662
5692
6375
6832
6773
5379
5935
6617
5410
6282
5739
5742
5797
5953
5605
5981
6078
6234
5356
6567
6587
5540
5737
5321
5420
6465
6767
5455
6723
5427
5496
5611
5807
7104
6316
7271
5546
5616
5639
6096
6529
5683
6359
7250
5626
6574
5536
6235
5777
6318
5871
6120
7210
5673
5773
6476
6469
6753
5504
5551
6654
5417
5883
6448
6499
5742
6488
7084
6640
6723
5962
6191
6083
5771
6084
6924
5359
5406
5457
6770
5894
6158
5767
6072
7269
5584
5496
7159
6844
6642
7189
5599
6068
6303
5577
6220
5382
5463
7095
5526
6260
5796
6042
6605
6659
5736
6586
7191
6544
6583
5656
5666
5767
5409
5721
5526
5965
6561
7265
6012
5761
5645
5883
6560
5542
6080
6650
6444
5524
6489
5479
6885
7236
5449
6628
5528
5473
5476
5996
6242
5729
6364
5808
5523
5967
6460
6381
5592
6450
6572
6420
5886
6585
5609
6879
5439
5457
7122
5501
5566
5697
5795
6009
6490
7161
6168
5535
5922
6628
6513
6525
6560
5782
7176
6195
5455
5509
6193
6026
6109
7196
6591
5872
7240
5516
6625
5535
5882
5611
5817
6471
5827
6139
7203
5742
5633
6665
6142
6298
6611
6603
7191
5488
5587
6826
5619
5485
5564
6742
6104
6452
5602
6422
5607
5643
6371
6394
6633
5693
5867
5497
5675
6806
7024
6782
6298
6193
6385
5816
6042
6142
6207
6245
7068
6381
6148
6228
5860
6809
6419
6588
5485
5626
5589
5848
6185
5832
6630
6253
6461
6219
6867
7235
5700
6834
5545
6692
7179
6278
5956
5998
6102
6702
5679
5722
6119
5844
6703
7262
6465
5800
5949
6227
5684
6231
5636
5751
6645
6214
5992
7262
5702
6097
6682
6591
5503
5508
5780
5884
6446
5556
6875
7265
6225
6299
5810
5598
5766
6217
6060
6492
5837
5869
6536
5618
7108
6781
6684
6292
5833
6519
6149
5843
6788
6027
7035
6440
7094
5621
5812
6675
7099
6618
5938
6311
6393
6463
6527
6432
5861
5968
6446
6634
5808
6120
6724
5727
5763
6612
7084
5758
6510
7010
5576
5855
6093
6480
6729
6881
7266
6686
7164
6788
5659
5994
5914
6163
6358
5813
5982
6222
6138
6699
5681
5837
6212
5764
6152
6023
6512
6591
5803
5843
6864
5809
6243
5855
6012
6134
6285
5866
6362
6572
6037
6841
6710
5599
6149
5996
6543
6655
6386
6406
6531
6001
6981
5733
6691
6051
5669
5834
6524
5915
5905
6385
6174
5769
7214
5787
5851
6754
5698
6067
6740
5867
6483
6090
6421
6861
5720
6872
5998
6362
5737
5974
6075
6368
5838
6380
6431
6538
5639
6074
6333
6535
6485
5684
5887
5832
5826
6947
6568
6308
6049
6890
6493
5636
5938
6311
6066
7170
6049
6617
6098
6449
6395
5862
6179
6526
5658
6736
7268
5822
5937
6203
6589
6784
5847
6636
5928
6232
5798
6686
5717
6839
5875
6159
5692
6010
6068
6663
6530
7267
6749
6025
6274
5853
6043
5820
6135
6098
6738
5959
6571
6111
6453
6036
6654
6070
6517
6097
6715
6166
6171
6373
6904
6117
6172
5772
5991
6165
5739
5899
6506
6607
6415
6751
6354
7179
6136
6077
6105
7216
5898
6726
6101
7224
6483
5818
5819
5959
6407
6616
6132
6956
5764
6531
6041
6065
6819
6164
5829
6711
6722
6755
5723
6134
5759
6737
6529
6473
7195
6498
6230
6940
6867
6205
6565
6824
6725
6117
6379
6524
7022
5889
7225
6065
6700
6551
6008
5743
6850
5891
5989
5868
6603
5900
6082
7093
7210
6641
6089
6411
6615
5840
6275
6265
5823
6842
6734
6759
5967
7198
5760
6714
6022
6558
6271
5776
5857
6194
6578
6834
6335
6628
6016
6457
6269
6580
6317
6040
6420
6774
7213
6498
6415
6314
6044
6100
6715
6000
6668
6637
5888
6225
6318
6236
6713
7087
6299
6873
6108
5842
6608
6517
7046
6597
6303
6660
5829
6014
6603
7025
7193
5973
6675
6061
6593
6361
6717
6762
6731
6402
6488
6154
6004
6498
6672
6168
6898
6193
6273
6278
6144
6071
6768
6390
5819
7086
6119
6882
7248
6912
5882
5913
7171
6822
6112
6340
6376
6412
5919
6765
6204
6399
6460
6374
6707
6379
6767
5927
6518
6614
6036
6209
6555
6664
5920
6811
6778
6243
5978
6771
6449
6629
6438
7259
6221
6398
6034
6267
6757
6803
6690
6055
6083
6785
6480
6081
6129
6360
6407
7030
6675
6693
6254
6736
5960
6064
6184
6621
5952
6894
5917
6566
6676
6095
6341
6230
6491
5991
6165
6548
6301
6244
7171
5905
6063
6464
6360
6759
6469
6192
6170
6249
7152
5946
6058
6309
6456
6518
6475
6557
6264
6469
5956
6471
5935
6144
6294
6924
6818
6681
6087
6929
6584
5904
6212
6327
5904
6813
5985
5912
6595
6179
6842
6250
6846
6219
5922
6301
7198
7172
6153
6234
6631
6670
6845
5941
6409
6213
6746
6714
6752
6870
6651
6708
6259
6613
6713
6831
6248
6218
6510
7057
6737
6224
6433
6755
6719
6170
6257
6855
6097
6418
5979
6697
6408
6635
6334
6761
6670
6757
6719
6896
6395
6292
6775
6554
6733
6249
6326
6521
6075
6336
6921
5986
6646
5990
6106
6839
6695
7273
6080
7211
6713
7042
6763
6276
6085
6394
6885
5987
6198
6711
6581
6870
6182
6732
6268
6331
6463
6160
6404
6664
6776
7261
6033
6404
6085
6490
6362
6552
6601
6051
6346
6539
6747
6008
6139
7089
6809
7212
6143
6637
6269
6434
6389
6709
6899
6123
6311
6416
7242
6583
6093
6622
6792
6368
6794
6540
6473
6512
6102
6222
6577
6710
6750
6127
6864
6648
6974
6346
6581
6435
6559
6129
6424
6957
6261
6799
6804
6099
6958
6176
7234
6308
6187
6673
7242
6347
6422
6235
6946
6914
6077
6372
6772
6568
6323
6741
6153
6244
6441
6408
6766
6202
6343
6454
6604
6726
7156
6678
6763
6369
6308
6113
6191
6132
6773
6164
6305
6815
6276
6124
6405
6791
7158
6672
7188
6092
6215
6335
6158
6178
6879
6111
6246
6825
6456
6845
6239
7248
6339
6620
6376
6442
7029
6167
6813
6187
6286
6821
7223
6572
6160
6378
6778
6940
6122
6263
6753
6304
6410
6870
6487
6383
6830
6557
6783
6858
6642
6738
6821
6750
7183
6664
6812
7118
6482
7250
6205
6421
6645
7125
6875
6475
6794
6578
6468
6958
6133
6908
6307
7072
6157
6343
6604
6442
6143
6340
6838
6795
7102
6265
6334
6204
6712
6209
6926
6737
6721
6812
6704
7147
6899
6972
6554
6210
6849
6860
6440
6484
6778
7187
6458
6909
6527
6651
6262
6876
6216
7165
6495
6260
6519
6180
6947
6467
6493
6674
7223
6640
6650
6369
6934
6600
6837
6928
6633
6345
6466
6795
7008
6255
6300
6494
6588
6383
6511
6530
6217
6789
7189
6339
6584
6699
7055
6464
6302
6545
6790
6433
6959
6589
6793
6538
6787
6288
6488
6393
6838
7139
7231
6333
6507
7244
6461
6680
7276
6360
7061
6228
6293
6518
6857
6415
6645
6617
6848
6343
6660
6836
6868
6811
7247
6777
6567
6659
6253
6942
6869
7067
6577
6448
6705
6417
6956
6772
6923
6770
6348
6812
6646
6458
6917
6425
6751
6913
6333
6869
6353
6424
6719
6464
6413
6957
6494
6740
6806
6736
6785
6565
6497
6805
7233
6316
6457
6706
6627
7249
6330
6500
6894
6302
6596
6632
7278
7133
6397
6949
6863
6511
6626
6808
6355
6391
6348
6939
6874
7277
6690
6547
6912
6919
6757
6372
6574
6474
6830
6329
6760
6782
6490
6432
6428
6911
6720
6602
6763
6782
6886
6759
6337
6917
6621
6705
6613
6593
6543
6375
6897
7255
6988
7203
6373
6405
6876
6865
6582
7168
6442
6363
6851
6709
6724
6514
6600
6931
6356
6918
6889
6610
6473
6777
6411
7181
6787
6477
6553
6866
6734
6944
7252
6477
6481
6769
7159
6786
6807
6706
6658
6937
6596
6632
6658
6891
6376
6398
6482
6599
6462
6532
6826
6404
6889
6654
6828
6704
6921
6755
6450
6953
6688
6798
7256
6801
6954
7273
6471
6631
6438
7260
6727
6646
6781
6779
6797
6680
6837
6770
6733
6522
6683
6446
6704
6937
6528
6953
7275
6621
6891
6547
6902
6833
6850
6584
6679
6857
6777
6731
6822
6523
6959
6509
6615
6887
6456
6828
6843
6823
6493
6534
6946
6625
6470
6899
7274
7209
6541
6580
6636
6785
6934
6905
6925
6849
7071
6724
6613
6545
6907
6773
6665
6784
6792
7117
6569
6750
6470
6514
6895
6735
6821
6908
6538
6810
6920
6594
6935
6481
6556
6855
6548
6727
6642
7045
6880
6513
6909
6825
6739
6880
6739
6891
7215
6747
6868
6945
6936
6618
6929
6761
6846
6884
6911
6606
6797
6592
6840
6945
6616
6831
7276
6835
6569
6725
6576
6800
6789
6609
6596
6754
6893
6838
6600
6633
6950
6650
6816
6859
6673
6703
6916
7261
6898
6594
6865
6799
6843
6847
6748
6721
6862
6904
6760
6915
6725
6564
6639
6824
6820
6930
6579
6738
6856
6880
6881
7266
6766
6692
6666
6700
6702
6649
6951
7274
6869
6639
6861
6678
6712
7208
6690
6710
7218
6852
6934
6748
6852
6850
6689
6943
6756
6897
7252
6910
6729
6632
6697
6627
6798
6630
6663
6708
6919
6784
6848
6730
6774
7141
6775
6898
6779
6805
6932
7223
6943
6716
6926
6810
6698
6789
6655
6849
6802
6918
6887
6887
6954
7273
6716
6911
7167
6671
6684
6790
6723
6791
7169
6816
6827
6892
6819
6772
6776
6871
6735
6932
6845
6688
6944
6768
7241
6882
6686
6765
6751
6742
6749
7255
6833
6779
6753
6873
6927
6718
7243
6827
6847
6926
6745
6855
7246
6882
6896
6801
6907
6752
6844
6745
6866
7142
6760
6758
7232
6853
6913
6781
7104
6815
6952
6806
7103
6903
6923
6831
6874
6832
7251
6769
6886
6877
6905
6830
6935
6860
6804
6941
6873
6874
6795
6856
6892
7205
6927
6925
6834
6809
6811
6814
6817
6883
6960
6967
6829
6906
7276
6847
6883
6901
6868
7275
6927
6931
6852
6915
6921
6948
7245
6878
6948
6938
6922
6951
6878
6955
6862
6952
6960
6920
6895
6916
7271
6914
6961
7261
6901
6938
6915
6944
6906
6941
6939
6928
6936
6961
7278
6942
6955
7272
7206
7277
6963
6965
6966
6967
6967
6969
6971
6973
6975
6977
6979
6995
6981
6983
6985
6987
7141
6989
6991
6993
6995
6997
7231
6999
7001
7003
7005
7007
7009
7011
7013
7015
7016
7017
7017
7019
7021
7046
7023
7025
7027
7029
7031
7033
7035
7037
7039
7041
7043
7044
7045
7045
7047
7049
7226
7051
7053
7165
7054
7166
7056
7058
7060
7062
7064
7140
7066
7068
7070
7072
7074
7076
7078
7080
7082
7084
7086
7088
7090
7092
7094
7209
7096
7098
7100
7102
7104
7106
7108
7110
7184
7112
7113
7114
7114
7116
7118
7120
7122
7124
7214
7126
7128
7130
7132
7134
7136
7137
7138
7138
7140
7142
7144
7146
7148
7150
7152
7154
7156
7158
7160
7162
7164
7166
7168
7170
7172
7174
7175
7176
7176
7178
7180
7181
7182
7270
7182
7184
7266
7186
7188
7190
7192
7194
7196
7198
7200
7201
7202
7202
7204
7206
7208
7210
7212
7214
7216
7218
7220
7221
7222
7222
7224
7226
7228
7230
7232
7234
7236
7238
7240
7242
7244
7246
7248
7250
7251
7252
7252
7254
7256
7257
7258
7258
7260
7262
7264
7266
7268
7270
7272
7274
7276
7278
)


// ************************************************************************* //
