/*--------------------------------*- C++ -*----------------------------------*\
  =========                 |
  \\      /  F ield         | OpenFOAM: The Open Source CFD Toolbox
   \\    /   O peration     | Website:  https://openfoam.org
    \\  /    A nd           | Version:  9
     \\/     M anipulation  |
\*---------------------------------------------------------------------------*/
FoamFile
{
    format      ascii;
    class       vectorField;
    location    "constant/polyMesh";
    object      points;
}
// * * * * * * * * * * * * * * * * * * * * * * * * * * * * * * * * * * * * * //


1688
(
(-1 5.43852e-32 1.22465e-16)
(-1 3 -1.2098e-15)
(-0.5 3 -1.27104e-15)
(-0.5 4 -1.71512e-15)
(-0.981929 8.40444e-17 0.189251)
(-0.928368 1.65051e-16 0.371662)
(-0.841254 2.40093e-16 0.540641)
(-0.723734 3.06457e-16 0.690079)
(-0.580057 3.61744e-16 0.814576)
(-0.415415 4.03958e-16 0.909632)
(-0.235759 4.31571e-16 0.971812)
(-0.0475819 4.43586e-16 0.998867)
(0.142315 4.39569e-16 0.989821)
(0.327068 4.19665e-16 0.945001)
(0.5 3.84593e-16 0.866025)
(0.654861 3.3562e-16 0.75575)
(0.786053 2.74518e-16 0.618159)
(0.888835 2.03493e-16 0.458227)
(0.959493 1.25114e-16 0.281733)
(0.995472 4.22134e-17 0.095056)
(0.995472 -4.22134e-17 -0.095056)
(0.959493 -1.25114e-16 -0.281733)
(0.888835 -2.03493e-16 -0.458227)
(0.786053 -2.74518e-16 -0.618159)
(0.654861 -3.3562e-16 -0.75575)
(0.5 -3.84593e-16 -0.866025)
(0.327068 -4.19665e-16 -0.945001)
(0.142315 -4.39569e-16 -0.989821)
(-0.0475819 -4.43586e-16 -0.998867)
(-0.235759 -4.31571e-16 -0.971812)
(-0.415415 -4.03958e-16 -0.909632)
(-0.580057 -3.61744e-16 -0.814576)
(-0.723734 -3.06457e-16 -0.690079)
(-0.841254 -2.40093e-16 -0.540641)
(-0.928368 -1.65051e-16 -0.371662)
(-0.981929 -8.40444e-17 -0.189251)
(-1 0.1875 3.9198e-17)
(-1 0.375 -4.40688e-17)
(-1 0.5625 -1.27336e-16)
(-1 0.75 -2.10602e-16)
(-1 0.9375 -2.93869e-16)
(-1 1.125 -3.77136e-16)
(-1 1.3125 -4.60402e-16)
(-1 1.5 -5.43669e-16)
(-1 1.6875 -6.26936e-16)
(-1 1.875 -7.10203e-16)
(-1 2.0625 -7.93469e-16)
(-1 2.25 -8.76736e-16)
(-1 2.4375 -9.60003e-16)
(-1 2.625 -1.04327e-15)
(-1 2.8125 -1.12654e-15)
(-0.981929 3 0.189251)
(-0.928368 3 0.371662)
(-0.841254 3 0.540641)
(-0.723734 3 0.690079)
(-0.580057 3 0.814576)
(-0.415415 3 0.909632)
(-0.235759 3 0.971812)
(-0.0475819 3 0.998867)
(0.142315 3 0.989821)
(0.327068 3 0.945001)
(0.5 3 0.866025)
(0.654861 3 0.75575)
(0.786053 3 0.618159)
(0.888835 3 0.458227)
(0.959493 3 0.281733)
(0.995472 3 0.095056)
(0.995472 3 -0.095056)
(0.959493 3 -0.281733)
(0.888835 3 -0.458227)
(0.786053 3 -0.618159)
(0.654861 3 -0.75575)
(0.5 3 -0.866025)
(0.327068 3 -0.945001)
(0.142315 3 -0.989821)
(-0.0475819 3 -0.998867)
(-0.235759 3 -0.971812)
(-0.415415 3 -0.909632)
(-0.580057 3 -0.814576)
(-0.723734 3 -0.690079)
(-0.841254 3 -0.540641)
(-0.928368 3 -0.371662)
(-0.981929 3 -0.189251)
(-0.466236 3 0.180621)
(-0.369504 3 0.336848)
(-0.222869 3 0.447582)
(-0.0461342 3 0.497867)
(0.136831 3 0.480913)
(0.301317 3 0.399009)
(0.425109 3 0.263216)
(0.491487 3 0.0918748)
(0.491487 3 -0.0918748)
(0.425109 3 -0.263216)
(0.301317 3 -0.399009)
(0.136831 3 -0.480913)
(-0.0461342 3 -0.497867)
(-0.222869 3 -0.447582)
(-0.369504 3 -0.336848)
(-0.466236 3 -0.180621)
(-0.5 3.16667 -1.34505e-15)
(-0.5 3.33333 -1.41907e-15)
(-0.5 3.5 -1.49308e-15)
(-0.5 3.66667 -1.56709e-15)
(-0.5 3.83333 -1.64111e-15)
(-0.466236 4 0.180621)
(-0.369504 4 0.336848)
(-0.222869 4 0.447582)
(-0.0461342 4 0.497867)
(0.136831 4 0.480913)
(0.301317 4 0.399009)
(0.425109 4 0.263216)
(0.491487 4 0.0918748)
(0.491487 4 -0.0918748)
(0.425109 4 -0.263216)
(0.301317 4 -0.399009)
(0.136831 4 -0.480913)
(-0.0461342 4 -0.497867)
(-0.222869 4 -0.447582)
(-0.369504 4 -0.336848)
(-0.466236 4 -0.180621)
(-0.133667 3.72481e-16 0.838752)
(0.0346905 -3.60705e-16 -0.812234)
(0.831377 7.8304e-17 0.176325)
(-0.815663 -3.3702e-17 -0.0758902)
(-0.540519 -2.79602e-16 -0.629609)
(0.478408 3.05686e-16 0.688345)
(0.600266 -2.54673e-16 -0.573473)
(-0.634782 2.25935e-16 0.508761)
(-0.269704 -3.41863e-16 -0.769808)
(0.361397 -3.4281e-16 -0.771941)
(0.821998 -7.17935e-17 -0.161665)
(-0.76642 -1.6797e-16 -0.378236)
(-0.418943 3.21573e-16 0.724119)
(0.214932 3.60409e-16 0.811568)
(0.721151 2.00188e-16 0.450784)
(-0.797176 1.03949e-16 0.234072)
(0.20911 -3.71037e-16 -0.835501)
(0.204836 -2.94088e-16 -0.662228)
(-0.00757336 -2.76707e-16 -0.62309)
(0.110801 -2.12457e-16 -0.478412)
(-0.0810863 -2.02295e-16 -0.455527)
(0.0327096 -1.35241e-16 -0.304536)
(-0.156168 -1.2539e-16 -0.282354)
(-0.0422193 -5.79909e-17 -0.130584)
(0.146093 -6.78903e-17 -0.152875)
(0.0716751 9.54547e-18 0.0214945)
(-0.117025 1.95714e-17 0.0440708)
(-0.00304108 8.71273e-17 0.196193)
(0.185729 7.70579e-17 0.173519)
(-0.191791 9.71766e-17 0.218822)
(-0.305779 2.96094e-17 0.0666744)
(0.110959 1.54683e-16 0.348316)
(0.299719 1.44625e-16 0.325667)
(0.374488 6.70018e-17 0.150875)
(-0.380548 1.07229e-16 0.241457)
(-0.264901 1.74244e-16 0.392362)
(-0.492863 3.91038e-17 0.0880539)
(-0.419486 -3.80476e-17 -0.0856756)
(-0.268099 -1.92433e-16 -0.43332)
(0.301412 -2.18482e-16 -0.491977)
(0.220593 2.1952e-16 0.494315)
(0.0357279 2.31169e-16 0.520546)
(0.478105 1.32599e-16 0.298585)
(0.55008 5.44444e-17 0.122598)
(0.447062 -1.10383e-17 -0.0248561)
(-0.600014 1.26121e-16 0.283999)
(-0.607119 -3.06807e-17 -0.0690867)
(-0.522258 -1.03787e-16 -0.233707)
(0.654065 -2.58237e-17 -0.0581499)
(0.520274 -8.91869e-17 -0.200831)
(0.424304 2.20712e-16 0.496999)
(-0.451833 1.89761e-16 0.427305)
(-0.0776021 1.6446e-16 0.370331)
(-0.152218 2.40686e-16 0.541976)
(0.260052 -5.85309e-19 -0.001318)
(0.334719 -7.80914e-17 -0.175846)
(-0.230942 -4.79657e-17 -0.108009)
(-0.342636 -1.15104e-16 -0.259192)
(-0.474056 -1.92712e-16 -0.433949)
(-0.193012 -2.68781e-16 -0.60524)
(0.22271 -1.44358e-16 -0.325065)
(0.410965 -1.50801e-16 -0.339574)
(0.603615 -1.64898e-16 -0.371317)
(-0.336189 2.48531e-16 0.559641)
(-0.695152 4.01964e-17 0.0905142)
(-0.365351 -2.65089e-16 -0.596927)
(0.663045 1.19832e-16 0.269839)
(-0.69995 -9.70615e-17 -0.218563)
(0.411913 -2.73368e-16 -0.615569)
(-0.22847 3.08607e-16 0.694921)
(-0.0465032 3.02348e-16 0.680826)
(0.130307 2.96899e-16 0.668556)
(0.308224 2.90547e-16 0.654253)
(-0.486016 2.57465e-16 0.57976)
(-0.122673 -3.78902e-16 -0.853211)
(-0.656899 -2.24999e-16 -0.506654)
(0.779794 -1.45594e-16 -0.327849)
(0.832484 2.83943e-18 0.00639382)
(-0.43329 -3.30755e-16 -0.744793)
(-0.858081 3.63873e-17 0.0819368)
(0.0433004 3.69215e-16 0.831399)
(0.603026 2.54923e-16 0.574035)
(-0.764641 1.74581e-16 0.393121)
(0.731713 -2.08635e-16 -0.469805)
(0.362935 3.52025e-16 0.79269)
(0.675949 -9.94592e-17 -0.223962)
(0.81278 1.45387e-16 0.327381)
(-0.288171 3.69756e-16 0.832616)
(0.476951 -2.108e-16 -0.474679)
(-0.841255 -1.09863e-16 -0.24739)
(0.565904 1.89158e-16 0.425946)
(0.512448 -3.20322e-16 -0.721302)
(-0.623917 -1.57306e-16 -0.354222)
(0.703442 4.31852e-17 0.0972443)
(-0.57832 2.9801e-16 0.671058)
(-0.114562 -3.20472e-16 -0.721639)
(0.723525 0.159003 0.690299)
(0.0475819 2.84126 -0.998867)
(0.999895 2.83265 -0.0145159)
(0.0533934 0.187437 0.998574)
(0.711176 0.172408 -0.703014)
(0.403087 2.83231 0.915162)
(-0.986816 1.40625 -0.161844)
(0.0754631 0.176193 -0.997149)
(0.999893 0.16607 -0.0146261)
(0.732181 2.83497 -0.68111)
(-0.986816 1.59375 0.161844)
(-0.986816 1.03125 0.161844)
(-0.983788 1.96747 -0.179337)
(-0.299223 2.81889 0.954183)
(-0.505833 0.18796 -0.862631)
(-0.500048 0.159093 0.865998)
(-0.508571 2.82521 -0.86102)
(-0.986816 2.15625 0.161844)
(0.85123 2.82991 0.524793)
(-0.982924 0.843965 -0.184014)
(-0.78956 2.83332 0.613674)
(-0.986816 0.65625 0.161844)
(-0.98428 2.34538 -0.176616)
(-0.986816 0.46875 -0.161844)
(-0.792297 0.175458 0.610136)
(-0.774693 2.82574 -0.632338)
(0.0529065 2.83645 0.998599)
(-0.793576 0.166771 -0.608472)
(0.420637 0.163178 -0.907229)
(0.421205 2.81367 -0.906965)
(0.426237 0.165064 0.904612)
(0.928354 0.158902 -0.371697)
(0.922605 0.166144 0.385747)
(0.928368 2.83542 -0.371662)
(-0.986816 2.53125 0.161844)
(-0.959201 2.84015 -0.282725)
(-0.953139 0.169573 0.302534)
(-0.954926 2.83137 0.296844)
(-0.959561 0.186869 -0.281501)
(-0.986811 1.40625 0.161878)
(-0.947531 1.50001 0.319664)
(-0.947554 1.68782 0.319596)
(-0.883092 1.59402 0.4692)
(-0.883113 1.40583 0.469161)
(-0.795089 1.49984 0.606493)
(-0.795125 1.68832 0.606445)
(-0.685814 1.5941 0.727777)
(-0.685829 1.40546 0.727763)
(-0.558104 1.49978 0.829771)
(-0.558145 1.31099 0.829743)
(-0.415405 1.40546 0.909636)
(-0.415382 1.59431 0.909647)
(-0.261418 1.49995 0.965226)
(-0.261449 1.68888 0.965217)
(-0.100354 1.59429 0.994952)
(-0.100269 1.40543 0.99496)
(0.0636285 1.49981 0.997974)
(0.0635963 1.68885 0.997976)
(0.225904 1.59449 0.97415)
(0.225872 1.40505 0.974157)
(0.382188 1.49978 0.924084)
(0.38217 1.6893 0.924092)
(0.528228 1.59456 0.849102)
(0.528231 1.40496 0.8491)
(0.660085 1.49976 0.751191)
(0.660075 1.3101 0.7512)
(0.77416 1.40495 0.63299)
(0.77416 1.59464 0.63299)
(0.867378 1.49981 0.49765)
(0.867364 1.68953 0.497674)
(0.937179 1.59462 0.34885)
(0.937184 1.40492 0.348835)
(0.981675 1.49981 0.190563)
(0.981676 1.68946 0.190556)
(0.999633 1.59462 0.0271)
(0.999632 1.40496 0.0271248)
(0.990556 1.49982 -0.137107)
(0.990549 1.68957 -0.137162)
(0.95466 1.59473 -0.297697)
(0.954623 1.40497 -0.297816)
(0.892905 1.49984 -0.450245)
(0.8929 1.68974 -0.450255)
(0.807018 1.59471 -0.590527)
(0.807091 1.40521 -0.590427)
(0.699329 1.49987 -0.7148)
(0.699313 1.68958 -0.714816)
(0.57279 1.59462 -0.819702)
(0.572488 1.40577 -0.819913)
(0.430603 1.50032 -0.902541)
(0.43072 1.68943 -0.902485)
(0.2773 1.5946 -0.960783)
(0.276803 1.40622 -0.960927)
(0.116218 1.50035 -0.993224)
(0.116498 1.68919 -0.993191)
(-0.0474272 1.59459 -0.998875)
(-0.0475415 1.40545 -0.998869)
(-0.0473475 1.78377 -0.998878)
(-0.209963 1.68918 -0.977709)
(-0.209928 1.87841 -0.977717)
(-0.366745 1.78383 -0.930321)
(-0.0474358 1.97296 -0.998874)
(-0.366746 1.97297 -0.930321)
(-0.513616 1.87841 -0.85802)
(-0.513642 1.68947 -0.858005)
(-0.513663 2.06746 -0.857992)
(-0.366767 2.16209 -0.930313)
(-0.685937 1.21667 0.727661)
(-0.55823 1.12211 0.829686)
(-0.68609 1.02773 0.727516)
(-0.558275 0.933118 0.829656)
(-0.685881 1.78272 0.727714)
(0.528197 1.78416 0.849122)
(0.52818 1.2153 0.849132)
(0.660067 1.12038 0.751206)
(0.528103 1.02554 0.84918)
(0.66005 0.930602 0.751222)
(0.382081 1.87892 0.924129)
(0.528151 1.97382 0.84915)
(0.381963 2.06861 0.924177)
(0.52811 2.16356 0.849176)
(-0.646602 1.78392 -0.762827)
(-0.646648 1.59524 -0.762789)
(-0.686205 0.838698 0.727408)
(0.528045 0.835741 0.849216)
(0.38183 0.930686 0.924232)
(-0.762179 1.68954 -0.647366)
(-0.762189 1.87801 -0.647355)
(-0.762191 1.50103 -0.647353)
(-0.646702 1.40668 -0.762743)
(-0.762245 1.31248 -0.647289)
(-0.646791 1.21809 -0.762667)
(-0.762384 1.12374 -0.647124)
(-0.646805 1.02938 -0.762655)
(-0.762482 0.934971 -0.64701)
(-0.646802 0.840521 -0.762658)
(-0.513744 0.934988 -0.857944)
(0.381857 2.25839 0.924222)
(0.225386 2.16302 0.974269)
(0.381781 0.740923 0.924253)
(0.225417 0.836713 0.974262)
(-0.513765 2.25664 -0.857931)
(-0.513731 0.74587 -0.857952)
(-0.36672 0.840425 -0.930331)
(-0.762522 0.746199 -0.646962)
(-0.558314 0.74395 0.82963)
(-0.415294 0.838496 0.909687)
(0.77421 1.02548 0.632928)
(0.774204 0.835647 0.632936)
(0.867471 0.930564 0.497487)
(0.660071 2.06878 0.751203)
(0.660053 2.25855 0.751219)
(0.774235 2.16372 0.632899)
(-0.366744 0.651095 -0.930322)
(-0.20967 0.745745 -0.977772)
(-0.36674 2.35134 -0.930324)
(0.867463 0.74063 0.497502)
(0.93729 0.835586 0.34855)
(-0.795238 1.87694 0.606297)
(-0.685949 1.97142 0.72765)
(-0.795372 2.06567 0.606121)
(-0.686077 2.16017 0.727529)
(-0.558238 2.06601 0.829681)
(-0.558308 2.2549 0.829634)
(-0.415378 2.16062 0.909649)
(-0.795484 2.25437 0.605975)
(-0.415332 0.649186 0.90967)
(0.527986 0.645905 0.849253)
(0.937287 0.64563 0.34856)
(0.981755 0.740611 0.190149)
(0.225275 2.35318 0.974295)
(0.225405 0.647211 0.974265)
(-0.686359 0.649541 0.727263)
(-0.417975 2.34496 0.908459)
(0.981751 0.930567 0.190173)
(0.999646 0.835603 0.0265938)
(0.999647 0.645611 0.0265866)
(0.990472 0.740613 -0.137712)
(0.990475 0.930607 -0.137691)
(0.954482 0.835621 -0.298268)
(0.775278 2.35067 0.63162)
(0.867648 2.25818 0.497179)
(-0.209958 0.934885 -0.97771)
(-0.0469486 0.840469 -0.998897)
(-0.0469413 0.651 -0.998898)
(0.117218 0.745746 -0.993106)
(0.954475 0.645614 -0.298291)
(0.892642 0.740649 -0.450767)
(0.892738 0.930333 -0.450576)
(0.806778 0.835316 -0.590855)
(0.806658 0.645636 -0.591018)
(0.698858 0.740638 -0.71526)
(0.699747 0.931111 -0.714391)
(0.117156 0.935387 -0.993114)
(-0.562799 2.43574 0.826594)
(-0.513955 1.3121 -0.857817)
(-0.795574 0.933471 0.605856)
(-0.261851 2.25445 0.965108)
(-0.260993 0.743833 0.965341)
(-0.261005 0.933198 0.965337)
(-0.261024 0.554323 0.965332)
(0.277854 0.840629 -0.960623)
(0.276548 0.649968 -0.961)
(0.656566 2.43689 0.754269)
(0.867437 0.550651 0.497547)
(-0.861756 1.59512 -0.507323)
(-0.857578 1.21839 -0.514353)
(-0.26372 2.4369 0.964599)
(0.868479 2.44514 0.495726)
(0.937448 2.353 0.348125)
(0.937348 2.1636 0.348394)
(0.981787 2.25858 0.189987)
(0.937438 2.54296 0.348152)
(-0.513815 0.556666 -0.857901)
(0.69881 0.550745 -0.715307)
(-0.513835 2.44595 -0.857889)
(-0.647035 2.35121 -0.76246)
(0.225436 1.02654 0.974258)
(0.981774 2.06877 0.19005)
(0.999649 2.16373 0.0264754)
(0.999649 2.35371 0.0264987)
(0.990459 2.25876 -0.137805)
(0.990464 2.44878 -0.137773)
(0.95445 2.35378 -0.29837)
(0.95444 2.16392 -0.298404)
(0.89256 2.25889 -0.450929)
(0.892592 2.44883 -0.450865)
(0.806551 2.35382 -0.591164)
(0.806525 2.16401 -0.5912)
(0.698676 2.25891 -0.715438)
(0.698704 2.44882 -0.715411)
(0.571975 2.35383 -0.820271)
(0.571936 2.16398 -0.820298)
(0.429813 2.2589 -0.902918)
(0.429821 2.44875 -0.902914)
(0.27631 2.35301 -0.961069)
(0.429809 2.06908 -0.90292)
(-0.20978 2.25672 -0.977749)
(-0.209718 2.44617 -0.977762)
(-0.261108 2.06589 0.96531)
(0.27784 1.02992 -0.960627)
(-0.369948 0.467483 -0.929052)
(-0.88331 1.97064 0.46879)
(0.380651 2.44613 0.924719)
(-0.857735 0.840619 -0.514093)
(-0.860596 0.646586 -0.509288)
(-0.763196 0.556451 -0.646167)
(-0.858296 0.458418 -0.513155)
(0.276043 2.54363 -0.961145)
(0.806613 0.455734 -0.591079)
(-0.647144 2.54052 -0.762368)
(-0.762881 2.44572 -0.646539)
(-0.762794 2.25666 -0.646642)
(-0.861171 2.34955 -0.508315)
(-0.861479 2.15776 -0.507792)
(-0.857166 2.53465 -0.515041)
(0.224934 2.54269 0.974374)
(0.571959 1.97413 -0.820283)
(0.937281 1.97387 0.348575)
(0.774139 1.78428 0.633016)
(0.867442 1.12037 0.497539)
(0.999643 1.97399 0.0267231)
(-0.415503 1.78322 0.909592)
(0.116301 1.12386 -0.993214)
(-0.100642 2.16097 0.994923)
(-0.1003 1.97164 0.994957)
(0.430989 0.934637 -0.902357)
(0.431129 1.12452 -0.90229)
(-0.0997119 0.838521 0.995016)
(-0.100218 1.02785 0.994966)
(-0.261238 1.12233 0.965274)
(0.0626439 2.44649 0.998036)
(0.572084 0.646596 -0.820195)
(0.572062 0.455826 -0.820211)
(-0.0469554 2.35139 -0.998897)
(-0.419359 0.458056 0.90782)
(-0.251602 0.343366 0.967831)
(-0.0994845 0.45948 0.995039)
(-0.0430964 2.54271 -0.999071)
(-0.219611 2.65689 -0.975587)
(0.999536 2.53693 0.03047)
(0.938665 0.462537 0.344831)
(0.875802 0.343197 0.48267)
(0.774064 0.455716 0.633107)
(0.992613 2.65643 -0.121324)
(-0.932017 2.44405 -0.362415)
(-0.934407 0.741376 -0.356207)
(-0.932946 0.936511 -0.360016)
(-0.981985 1.03232 -0.188959)
(-0.931786 2.65748 -0.363008)
(-0.979418 2.53883 -0.201843)
(-0.939273 2.2494 -0.34317)
(-0.936699 2.0622 -0.350135)
(-0.749478 0.346415 -0.66203)
(-0.512756 0.38245 -0.858535)
(0.86417 2.62901 0.5032)
(0.933605 2.72535 0.358305)
(0.75879 2.69861 0.651335)
(-0.515996 2.62941 -0.856591)
(-0.650276 2.72291 -0.759698)
(0.386379 2.63191 0.92234)
(0.229891 2.72742 0.973216)
(0.534232 2.70145 0.845338)
(-0.983028 0.650904 -0.183454)
(-0.940803 0.525818 -0.338954)
(-0.916873 0.335836 -0.399178)
(0.427927 2.62267 -0.903813)
(-0.931842 1.12598 -0.362865)
(-0.763083 2.0662 -0.646301)
(-0.858796 1.03004 -0.512318)
(-0.929597 1.31346 -0.368576)
(-0.883416 2.1587 0.46859)
(-0.883563 2.34679 0.468313)
(-0.795768 2.44237 0.605602)
(-0.883774 2.536 0.467914)
(-0.794103 2.63232 0.607783)
(-0.885365 2.72397 0.464896)
(-0.672666 2.72184 0.739946)
(-0.646792 1.97263 -0.762667)
(-0.64689 2.16178 -0.762583)
(-0.7954 1.12234 0.606085)
(-0.883482 1.02909 0.468465)
(-0.883631 0.84086 0.468183)
(-0.883249 1.21768 0.468905)
(-0.858916 1.7824 -0.512117)
(-0.932554 1.68871 -0.36103)
(-0.209929 1.49997 -0.977717)
(-0.210519 1.31151 -0.97759)
(-0.366755 1.59448 -0.930318)
(0.57328 1.02739 -0.819359)
(0.430292 1.87916 -0.90269)
(0.276793 1.97364 -0.96093)
(-0.0475878 1.02919 -0.998867)
(0.276504 2.16314 -0.961013)
(0.57263 0.837704 -0.819814)
(0.700287 1.12101 -0.713862)
(-0.795721 0.744761 0.605664)
(-0.795999 0.555415 0.605298)
(-0.686628 0.460317 0.727009)
(-0.797627 0.371766 0.603151)
(-0.884354 0.4632 0.466818)
(-0.885894 0.277715 0.463888)
(-0.949301 0.371917 0.314367)
(-0.883856 0.652789 0.467758)
(-0.56267 0.548309 0.826681)
(0.867484 2.06876 0.497464)
(0.572538 1.78438 -0.819878)
(0.699038 1.87935 -0.715084)
(0.806923 1.78454 -0.590657)
(0.892802 1.87957 -0.450449)
(0.954605 1.78451 -0.297876)
(0.381931 1.12048 0.924191)
(0.22544 1.2153 0.974257)
(0.382077 1.31015 0.924131)
(0.225692 1.97305 0.974199)
(0.225919 1.78374 0.974146)
(0.0628311 2.25741 0.998024)
(0.98167 2.44731 0.190587)
(0.980535 2.62904 0.196345)
(0.0605507 2.63574 0.998165)
(-0.111188 2.72336 0.993799)
(0.937273 1.02546 0.348596)
(0.981722 1.1204 0.19032)
(0.999644 1.02549 0.0266909)
(0.9905 1.12037 -0.137513)
(0.954497 1.02545 -0.298219)
(0.892893 1.12026 -0.450269)
(0.774149 0.645688 0.633003)
(0.659991 0.740737 0.751273)
(0.659077 0.545537 0.752075)
(0.527715 0.456015 0.849421)
(0.95611 2.54187 -0.293008)
(0.891724 2.65858 -0.45258)
(0.806562 2.54384 -0.59115)
(0.683084 2.6568 -0.73034)
(0.990473 2.06892 -0.137708)
(0.565315 2.53692 -0.824875)
(0.981881 0.551762 0.189498)
(0.999537 0.462637 0.0304336)
(0.990559 0.551765 -0.137086)
(0.954466 0.455581 -0.298321)
(0.892008 0.545395 -0.45202)
(0.527093 2.35118 0.849808)
(-0.687038 2.3471 0.726622)
(0.660068 1.68938 0.751206)
(0.660068 1.87909 0.751205)
(0.774142 1.21524 0.633012)
(-0.883169 1.78229 0.469056)
(-0.947606 1.87562 0.319442)
(-0.795163 1.3113 0.606396)
(-0.986819 1.78141 0.16183)
(-0.646975 0.651418 -0.762511)
(-0.366729 2.54072 -0.930328)
(-0.986816 1.21875 0.161844)
(-0.0996318 0.649039 0.995024)
(-0.98618 1.5938 -0.165679)
(-0.942061 1.50037 -0.33544)
(-0.982337 1.78087 -0.187119)
(-0.98682 2.34371 0.161822)
(0.429383 0.553302 -0.903123)
(0.427495 0.362013 -0.904018)
(0.574029 0.271709 -0.818835)
(0.264403 0.276084 -0.964412)
(0.698755 0.360869 -0.715361)
(-0.986816 0.84375 0.161844)
(-0.762993 2.63494 -0.646407)
(-0.55815 1.68851 0.82974)
(-0.210273 0.557278 -0.977643)
(-0.220737 0.345781 -0.975333)
(-0.415421 1.21663 0.909629)
(-0.209911 2.06757 -0.977721)
(0.698639 2.06912 -0.715474)
(0.86737 1.31011 0.497664)
(-0.513838 1.50084 -0.857887)
(-0.986816 0.46875 0.161844)
(-0.984263 2.15616 -0.176711)
(0.937229 1.21515 0.348714)
(-0.558193 1.87731 0.829711)
(0.77417 1.97402 0.632977)
(-0.415294 1.02765 0.909687)
(0.381744 0.55135 0.924268)
(0.220946 0.465304 0.975286)
(0.867405 1.8791 0.497604)
(0.699293 1.31051 -0.714835)
(0.063434 1.31083 0.997986)
(-0.949457 2.62838 0.313898)
(-0.647026 0.462803 -0.762468)
(0.981679 1.3101 0.190541)
(-0.513975 1.12364 -0.857805)
(-0.367154 1.02925 -0.93016)
(0.999636 1.21518 0.0269675)
(0.806707 1.97418 -0.590951)
(0.937223 1.7843 0.348732)
(-0.947613 1.3125 0.31942)
(0.990519 1.31007 -0.137372)
(0.981728 1.87919 0.190291)
(0.954538 1.2152 -0.298091)
(0.999637 1.78434 0.0269352)
(-0.0495546 0.463215 -0.998771)
(0.114949 0.557007 -0.993371)
(0.892586 2.06915 -0.450877)
(0.892967 1.31035 -0.450123)
(0.990518 1.8792 -0.137381)
(-0.0473608 2.16227 -0.998878)
(-0.888648 0.165475 -0.458589)
(-0.889191 2.83692 -0.457536)
(0.9545 1.97425 -0.29821)
(0.981763 2.82874 0.19011)
(-0.261427 1.31114 0.965223)
(-0.669846 0.16896 -0.7425)
(-0.861117 1.40681 -0.508407)
(-0.652185 0.161618 0.75806)
(-0.567858 0.341491 0.823127)
(-0.415424 1.97174 0.909628)
(-0.367134 1.40608 -0.930168)
(-0.327068 0.16458 0.945001)
(-0.323962 2.83534 -0.94607)
(-0.261648 1.87737 0.965163)
(-0.520828 2.81525 0.853662)
(-0.417378 2.67594 0.908733)
(-0.320619 0.167586 -0.947208)
(-0.134043 0.164553 -0.990976)
(-0.100411 1.21673 0.994946)
(-0.142315 2.83542 -0.989821)
(-0.149293 0.16688 0.988793)
(0.277203 1.78401 -0.960811)
(0.116293 1.87854 -0.993215)
(0.231671 2.83726 -0.972794)
(0.58341 0.158769 0.812178)
(0.658508 0.338589 0.752574)
(0.59583 2.83268 -0.80311)
(0.980602 0.163761 -0.196009)
(0.981588 2.83614 -0.191011)
(0.981843 0.186656 0.189698)
(0.257355 0.170595 0.966317)
(0.839771 0.163156 0.54294)
(0.840917 0.160013 -0.541164)
(0.891251 0.338619 -0.453511)
(0.844218 2.83819 -0.536001)
(-0.100666 1.78288 0.99492)
(-0.98055 1.22258 -0.196268)
(-0.98683 1.96897 0.16176)
(-0.367246 1.21757 -0.930124)
(0.0639192 1.87783 0.997955)
(0.0633818 2.06732 0.997989)
(0.116109 2.06785 -0.993237)
(-0.947648 1.12446 0.319315)
(0.0631661 1.12205 0.998003)
(-0.947779 2.06301 0.318928)
(-0.210361 1.12335 -0.977624)
(-0.0484123 1.21768 -0.998827)
(0.0634284 0.93257 0.997986)
(0.992509 0.34309 -0.122173)
(-0.101292 2.34887 0.994857)
(0.131014 2.66273 -0.991381)
(0.116066 2.25731 -0.993241)
(0.9818 0.379561 0.18992)
(0.0635434 0.743074 0.997979)
(-0.947729 2.25099 0.319076)
(-0.947724 0.936568 0.319092)
(0.115558 1.31224 -0.993301)
(0.11926 2.4518 -0.992863)
(0.276927 1.21805 -0.960891)
(0.0627923 0.555319 0.998027)
(0.807266 1.02482 -0.590188)
(0.807498 1.21614 -0.589871)
(0.430073 1.3123 -0.902794)
(-0.861 1.96976 -0.508605)
(-0.947999 2.43952 0.318275)
(0.572945 1.21692 -0.819594)
(-0.94781 0.748786 0.318837)
(0.430445 0.743806 -0.902617)
(0.36401 0.345279 0.931395)
(-0.68758 2.53504 0.726108)
(-0.948084 0.560282 0.318021)
(-0.102027 2.536 0.994782)
(-0.934946 1.87431 -0.35479)
(0.0600097 0.380446 0.998198)
(0.10598 0.371826 -0.994368)
(0.2723 0.4617 -0.962212)
(-0.987603 2.71023 0.156975)
(-0.987603 0.289766 0.156975)
(-0.989999 0.288875 -0.141072)
(-0.987234 2.71342 -0.159277)
(-0.267686 2.61912 0.963506)
(0.52425 2.52825 0.851564)
(-0.557313 2.617 0.830303)
(0.767465 2.52705 0.641091)
(0.723734 2.85798 0.690079)
(0.581852 2.86069 0.813295)
(-0.0466697 0.300149 -0.99891)
(-0.416476 0.293317 0.909147)
(-0.0456509 2.7078 -0.998957)
(-0.430641 2.51034 0.902523)
(0.958096 2.70535 -0.286447)
(0.956847 0.291991 -0.290594)
(-0.846879 0.294583 -0.531786)
(0.780449 0.291932 0.625219)
(-0.849033 2.69815 -0.52834)
(0.514624 0.294641 0.857416)
(-0.658994 2.87437 0.752148)
(0.796949 2.70467 -0.604046)
(0.795104 0.299068 -0.606473)
(0.654543 2.60649 0.756025)
(0.235759 0.123596 -0.971812)
(-0.3888 0.310252 -0.921322)
(-0.142315 2.87667 0.989821)
(-0.70157 0.306353 0.712601)
(-0.386125 2.69409 -0.922447)
(-0.0779953 0.307522 0.996954)
(-0.888835 2.87953 0.458227)
(0.299689 2.69599 -0.954037)
(-0.888235 0.121259 0.45939)
(-0.624021 0.310546 -0.781408)
(-0.654073 2.87915 -0.756431)
(0.998396 2.69676 0.0566171)
(0.929238 2.88061 0.369483)
(0.998485 0.307603 0.0550257)
(0.235759 2.8833 0.971812)
(0.947093 0.307619 0.320959)
(0.580057 0.115962 -0.814576)
(0.192609 0.309812 0.981276)
(0.54267 2.69255 -0.839946)
(-0.990255 0.139027 0.139263)
(-0.991896 2.87321 -0.127054)
(-0.990255 2.86097 0.139263)
(-0.990255 0.139027 -0.139263)
(0.654445 2.7467 0.75611)
(-0.964967 0.368515 -0.262372)
(0.658427 3 2.23878e-15)
(0.61437 3 0.237699)
(0.61437 3 -0.237699)
(0.486788 3 0.443323)
(0.486788 3 -0.443323)
(0.293608 3 0.58893)
(0.293608 3 -0.58893)
(0.0609947 3 0.654937)
(0.0609947 3 -0.654937)
(-0.179663 3 -0.632518)
(-0.179663 3 0.632518)
(-0.395925 3 0.524759)
(-0.395925 3 -0.524759)
(-0.558628 3 0.346215)
(-0.558628 3 -0.346215)
(-0.645862 3 0.121008)
(-0.649294 3 -0.121383)
(0.786782 3 -0.147075)
(0.786782 3 0.147075)
(0.685833 3 0.426289)
(0.685833 3 -0.426289)
(0.486662 3 0.652133)
(0.486662 3 -0.652133)
(0.215104 3 0.789466)
(0.215104 3 -0.789466)
(-0.0871995 3 0.812907)
(-0.0871995 3 -0.812907)
(-0.356768 3 0.716487)
(-0.356768 3 -0.716487)
(-0.580793 3 0.535723)
(-0.580793 3 -0.535723)
(-0.735622 3 0.287515)
(-0.736308 3 -0.28759)
(-0.799945 3 -1.36127e-15)
(0.86095 3 3.26687e-15)
(0.798974 3 0.309525)
(0.798974 3 -0.309525)
(0.63057 3 0.574841)
(0.63057 3 -0.574841)
(0.375207 3 0.762972)
(0.375207 3 -0.762972)
(0.0703851 3 -0.845956)
(0.0703851 3 0.845956)
(-0.240012 3 0.811694)
(-0.240012 3 -0.811694)
(-0.515569 3 -0.667367)
(-0.515569 3 0.667367)
(-0.716922 3 -0.443864)
(-0.716922 3 0.443864)
(-0.82833 3 0.154828)
(-0.82833 3 -0.154828)
(0.464561 3.15419 0.184886)
(-0.137444 3.15865 0.480738)
(-0.136704 3.14183 -0.480949)
(0.370639 3.13193 -0.335599)
(0.238941 3.82442 0.439212)
(-0.479167 3.58333 0.142826)
(-0.480315 3.58327 -0.138915)
(0.499957 3.85393 -0.00652235)
(0.0672083 3.84898 -0.495462)
(-0.138577 3.82483 0.480413)
(0.365136 3.8419 -0.341578)
(0.222869 3.1589 0.447582)
(-0.288943 3.81415 -0.408058)
(-0.422018 3.161 0.268144)
(-0.424093 3.16448 -0.264849)
(-0.427291 3.80842 0.259659)
(-0.301256 3.15832 0.399055)
(-0.224289 3.31649 0.446872)
(-0.0483539 3.31847 0.497656)
(-0.138088 3.48316 0.480554)
(0.0439667 3.48517 0.498063)
(-0.302591 3.4735 0.398044)
(-0.226448 3.63515 0.445782)
(-0.366954 3.63896 0.339625)
(-0.303336 3.81364 0.397476)
(-0.044085 3.65865 0.498053)
(0.141501 3.65187 0.47956)
(0.220017 3.47522 0.44899)
(0.30686 3.62409 0.394762)
(0.367085 3.46197 0.339483)
(0.428559 3.61267 0.257561)
(0.464774 3.45011 0.18435)
(0.492106 3.58906 0.0884951)
(0.499988 3.43775 0.00342986)
(0.490134 3.57367 -0.0988387)
(0.468024 3.42912 -0.175936)
(0.423168 3.56683 -0.266325)
(0.369341 3.42515 -0.337027)
(0.295742 3.55565 -0.403158)
(0.222703 3.39996 -0.447664)
(0.132809 3.54481 -0.482039)
(0.0528366 3.39923 -0.4972)
(-0.0509046 3.53485 -0.497402)
(0.493632 3.28639 -0.0795466)
(0.144275 3.26684 -0.478732)
(-0.130377 3.38306 -0.482703)
(-0.218722 3.52792 -0.449623)
(-0.29394 3.37239 -0.404474)
(-0.363907 3.54354 -0.342887)
(-0.150296 3.69083 -0.476877)
(0.391744 3.77126 0.310703)
(0.217678 3.72029 -0.450129)
(-0.417723 3.35776 -0.274787)
(0.463445 3.73015 -0.187667)
(-0.368471 3.31532 0.337978)
(-0.460751 3.31529 0.194187)
(-0.426336 3.49878 0.261223)
(0.0461342 3.1589 0.497867)
(0.478141 3.7398 0.146223)
(-0.299555 3.1405 -0.400333)
(-0.425335 3.83548 -0.26285)
(0.0483367 3.82894 0.497658)
(0.132798 3.31964 0.482042)
(-0.366553 3.69368 -0.340057)
(0.366749 3.15625 0.339846)
(0.294303 3.31358 0.40421)
(-0.479833 3.75 -0.140572)
(-0.480486 3.25635 -0.138322)
(-0.480107 3.75 0.139632)
(-0.480319 3.41667 -0.138901)
(0.419881 3.30688 0.271478)
(0.464306 3.14684 -0.185526)
(-0.110202 3.83325 -0.487704)
(0.489017 3.30167 0.104225)
(0.0244782 3.69418 -0.4994)
(0.499605 3.14623 0.0198794)
(0.0453644 3.1346 -0.497938)
(0.222869 3.87335 -0.447582)
(0.427867 3.28201 -0.258708)
(0.302154 3.27069 -0.398375)
(-0.483475 3.45271 0.127483)
(0.360725 3.68978 -0.346233)
(-0.480856 3.18441 0.137031)
(0.466236 3.88667 -0.180621)
(0.232821 3.13371 -0.442487)
(-0.0374711 3.26292 -0.498594)
(0.499836 3.70023 -0.012787)
(-0.484637 3.12358 -0.122992)
(-0.484562 3.87854 -0.123288)
(-0.484506 3.87388 0.123506)
(-0.275467 3.65778 -0.417274)
(-0.21434 3.25813 -0.451728)
(-0.441886 3.66749 0.233959)
(0.463709 3.88443 0.187013)
(-0.442559 3.49758 -0.232683)
(-0.442265 3.66805 -0.233242)
(-0.349126 3.26093 -0.357926)
(0.36952 3.90671 0.336831)
(0.26707 4 0.224199)
(-0.200289 4 -0.265225)
(-0.200289 4 0.265225)
(0.24966 4 -0.239513)
(-0.326696 4 -0.06107)
(0.0306658 4 0.330937)
(0.332355 4 7.96149e-17)
(0.0425707 4 -0.346477)
(0.171275 4 -0.343966)
(0.326013 4 -0.132955)
(-0.315848 4 -0.195187)
(-0.326696 4 0.202281)
(-0.211807 4 0.0813086)
(-0.0567375 4 0.187058)
(-0.0340938 4 0.00768359)
(0.107347 4 0.145208)
(0.16468 4 -0.0645701)
(-0.0172529 4 -0.175341)
(-0.17865 4 -0.100394)
(-0.102052 4 0.357414)
(-0.373545 4 0.0742582)
(0.168646 4 0.316053)
(0.358302 4 0.138807)
(-0.0887948 4 -0.346498)
(0.116461 4 -0.228064)
(0.241838 4 0.0891311)
(-6.27537e-05 1.54696 6.27005e-05)
(1.73472e-16 2.35951 -1.4988e-15)
(-0.207175 0.785367 0.0448812)
(0.367241 1.03333 -0.0588943)
(0.152411 0.585241 -0.380799)
(-0.403716 1.95327 0.118766)
(-0.106413 1.95321 -0.406989)
(-0.0905275 1.13737 -0.406245)
(0.178151 1.95325 0.381085)
(0.0543794 1.14644 0.417512)
(0.403549 1.92753 -0.145715)
(0.268045 0.61473 0.329716)
(-0.449311 1.26544 0.111896)
(-0.0165983 3.46058 -0.00370019)
(8.32667e-17 2.87492 -1.44329e-15)
(-0.478443 2.49206 0.122637)
(0.219618 2.49648 0.441528)
(-0.287031 2.49434 -0.401676)
(0.222332 2.49699 -0.438746)
(0.326024 1.4316 -0.374419)
(0.432586 1.43699 0.242537)
(0.491372 2.49646 0.00973247)
(-0.204411 1.63259 0.453142)
(-0.211893 2.25197 0.465993)
(-0.391465 1.5263 -0.311639)
(-0.348445 0.500227 -0.35216)
(-0.203774 0.494988 0.455208)
(0.518484 0.581164 -0.074928)
(-0.490663 0.988976 -0.247524)
(-0.356897 0.961938 0.429489)
(-0.534992 0.490426 0.146799)
(0.30436 0.977458 -0.483662)
(-0.489288 2.12487 -0.27658)
(-0.0422395 1.55534 -0.567053)
(0.0411016 0.432054 0.00895288)
(0.533582 2.12202 0.212673)
(0.455952 1.0299 0.354539)
(0.276962 2.08747 -0.512494)
(0.195817 1.5753 0.557995)
(-0.136957 2.63109 0.296702)
(-0.0178361 1.95323 -0.00996395)
(-0.0202366 1.14177 -0.00665972)
(0.593223 1.57192 -0.104091)
(-0.14924 0.773569 -0.577074)
(-0.597487 0.899169 0.122258)
(-0.548616 1.61598 0.262017)
(-0.00406646 0.802779 0.610078)
(0.480886 0.377062 -0.398781)
(-0.0474292 2.2757 -0.616996)
(0.541938 2.25793 -0.289504)
(0.132322 0.386898 0.608876)
(-0.418139 1.32719 0.479095)
(0.510653 1.78151 0.366893)
(-0.0871036 0.394326 -0.616168)
(0.576356 0.373625 0.24348)
(-0.407098 1.93929 0.487738)
(-0.0489872 2.64167 -0.63838)
(-0.621562 1.72767 -0.0907896)
(0.440211 1.76441 -0.469609)
(0.108658 2.20715 0.632394)
(0.595132 1.21528 -0.270743)
(-0.618181 0.346544 -0.171578)
(-0.431985 2.53436 0.475229)
(0.137854 1.72252 -0.280905)
(-0.0458665 1.88473 0.651888)
(-0.0778043 2.53672 0.637277)
(0.648197 1.19755 0.0883536)
(-0.567252 2.2038 0.311528)
(-0.292006 2.69601 -0.105512)
(-0.166967 3.16309 -0.027151)
(0.12882 0.767933 -0.0748565)
(-0.605118 2.5388 -0.220506)
(0.548785 2.62188 -0.329498)
(0.150089 1.26497 -0.633187)
(-0.435527 1.83729 -0.480434)
(-0.110758 1.35495 0.64728)
(0.581033 0.858771 -0.291107)
(0.6175 0.740608 0.226615)
(0.267754 1.74017 0.117579)
(-0.418465 1.22772 -0.495405)
(0.145023 3.18374 0.0911611)
(0.25941 2.70763 0.165151)
(0.546395 2.59976 0.345771)
(-0.150052 1.36331 0.247834)
(-0.289722 0.338523 -0.0489332)
(0.248442 2.71839 -0.17775)
(0.335321 1.26403 0.571711)
(0.423004 2.23559 0.511277)
(0.27719 1.35917 -0.0476475)
(-0.640483 0.691672 -0.151783)
(0.672223 1.86264 0.0475727)
(-0.514802 0.663268 0.436461)
(0.221044 2.20502 -0.201826)
(0.0899236 1.85013 -0.659443)
(-0.282112 1.80656 -0.159388)
(0.222258 2.24416 0.22186)
(-0.121483 3.70438 -0.156622)
(0.0561777 0.860377 0.240398)
(-0.662245 2.24164 -0.0106613)
(-0.31113 2.2417 -0.0202587)
(-0.357791 2.16204 -0.579815)
(0.188849 3.69564 0.0318323)
(-0.631072 1.30397 -0.185248)
(0.670484 0.310719 -0.150556)
(0.327681 0.823453 0.582897)
(0.433971 0.677806 -0.523352)
(-0.137413 1.9159 0.304557)
(-0.468134 0.772136 -0.494484)
(-0.0589311 0.321587 -0.29071)
(-0.281106 1.25436 -0.168009)
(-0.0464481 2.72392 -0.320989)
(-0.123596 0.84838 -0.262317)
(-0.0906756 2.2581 -0.295268)
(-0.508738 0.329101 0.440536)
(-0.321435 1.55409 0.0396327)
(0.322618 0.32206 -0.117319)
(0.158524 0.75521 -0.673007)
(0.24369 0.386755 -0.629668)
(0.0103299 0.304476 0.30495)
(0.0194435 1.41265 -0.288561)
(-0.129835 3.702 0.15208)
(-0.612681 1.12335 0.341189)
(0.262751 1.5749 -0.64719)
(0.699501 2.26113 -0.0164659)
(0.0688505 3.24447 -0.190889)
(-0.166137 1.28757 -0.669397)
(-0.181745 1.05194 0.671714)
(0.130651 1.48598 0.271339)
(0.328328 1.84344 0.624558)
(0.180957 1.15457 -0.267977)
(-0.345613 1.57443 -0.611579)
(-0.646739 1.90122 0.292372)
(0.704125 0.912437 -0.0138993)
(0.442582 0.432644 0.531509)
(-0.303131 0.747277 0.640362)
(-0.0210528 1.02195 -0.696259)
(0.246452 1.16711 0.18438)
(0.62347 1.97259 -0.348613)
(0.684503 1.5929 0.183177)
(-0.383285 0.307263 -0.589516)
(-0.210012 1.83882 -0.679515)
(-0.511651 2.70126 -0.471543)
(0.156816 1.04945 0.682713)
(-0.245804 1.05443 0.168296)
(0.464663 1.22417 -0.540318)
(0.282012 0.284628 0.178069)
(0.438152 2.33201 -0.556889)
(-0.548475 2.35776 -0.456108)
(-0.698684 1.4303 0.0791556)
(0.700629 2.69212 0.103724)
(0.483848 1.52977 0.517236)
(-0.298515 0.280234 0.640169)
(-0.28369 0.284667 0.246555)
(0.606082 1.51668 -0.391761)
(-0.325699 0.995219 -0.644027)
(-0.0628749 2.18575 0.224892)
(-0.478839 1.66389 0.538422)
(-0.0712897 3.04742 0.21305)
(-0.150697 0.579503 -0.153411)
(0.351659 0.796621 0.114571)
(0.280864 2.70404 -0.651879)
(0.42758 2.7266 0.57734)
(-0.655205 2.70356 0.260768)
(0.593486 1.27466 0.417192)
(-0.102892 0.554236 0.721317)
(-0.0689809 0.598978 0.219757)
(-0.597537 0.260262 -0.42869)
(-0.253171 2.07478 0.682647)
(-0.2662 2.44603 -0.681423)
(0.0589043 2.72732 0.477849)
(0.116135 3.58477 -0.203511)
(0.189446 2.60894 0.700529)
(-0.724517 1.14871 0.0826899)
(-0.0286416 1.61312 0.723476)
(-0.241549 2.83741 0.13783)
(0.67332 2.3667 0.245537)
(-0.25715 3.49997 -0.061414)
(-0.471986 2.27314 0.564885)
(-0.0493605 3.31821 0.225693)
(-0.245455 2.7346 0.53273)
(0.199332 2.38347 -0.693625)
(0.24376 2.01344 0.0663348)
(0.0780316 3.55281 0.228274)
(-0.0646798 3.01102 -0.227326)
(-0.304478 0.561988 -0.67295)
(0.237608 3.39238 -0.0467649)
(-0.622926 0.53193 -0.378033)
(-0.368853 0.749428 -0.177909)
(0.198045 3.01826 -0.116642)
(0.208037 0.278074 -0.37156)
(-0.73557 1.97437 0.0359682)
(0.313031 0.788175 -0.281167)
(-0.124621 1.64613 -0.319662)
(0.425107 2.22971 -0.0173577)
(-0.247918 2.38869 0.230477)
(-0.72424 2.71875 -0.0226952)
(0.239564 2.45692 -0.0932745)
(-0.655884 1.89894 -0.313647)
(-0.706186 0.268176 0.199)
(0.0438882 1.71737 0.38362)
(0.326077 1.6168 -0.116773)
(-0.291903 0.733343 0.297759)
(-0.0742939 2.61721 0.034075)
(0.647441 0.58883 -0.323155)
(-0.737373 2.43748 0.154884)
(-0.271153 1.7442 0.687333)
(-0.312261 2.71543 -0.659242)
(0.578087 2.02408 0.45778)
(0.544574 0.684283 0.48604)
(-0.136868 1.67363 0.191614)
(0.135169 1.31235 0.741159)
(-0.0556975 0.256623 0.73948)
(0.0458378 0.913331 -0.458873)
(-0.644691 1.38646 0.35426)
(0.0357796 2.43119 0.259544)
(0.182148 0.633259 0.707947)
(-0.722349 0.674615 0.195923)
(-0.729308 0.950207 -0.114654)
(0.123405 2.10499 -0.729512)
(0.288507 0.534551 0.0662774)
(-0.0914562 3.44885 -0.243308)
(-0.236603 2.33919 0.71515)
(-0.202755 2.44884 -0.147384)
(-0.270419 0.998231 -0.100094)
(0.719653 2.50456 -0.146295)
(-0.337126 1.48686 0.671947)
(-0.206958 1.17857 0.42685)
(-0.205221 1.37508 -0.422917)
(0.695011 0.992366 0.248239)
(0.138072 1.98303 -0.315369)
(0.749878 0.554862 0.0565283)
(0.397904 2.46702 0.630766)
(-0.669502 1.55388 -0.304366)
(0.747584 0.254871 0.0900595)
(-0.20009 2.05578 -0.168688)
(0.457436 2.75653 1.20737e-15)
(0.164042 2.9458 0.187924)
(0.699594 1.73283 -0.279665)
(0.736134 1.3539 -0.100831)
(0.0357029 2.48402 -0.255452)
(-0.565953 1.0133 -0.495452)
(-0.398048 2.74193 0.322275)
(-0.106482 0.577841 -0.410302)
(-0.352456 1.7769 0.297319)
(-0.651157 2.43014 0.395302)
(-0.478461 2.74846 0.0740985)
(-0.396508 0.262238 -0.26935)
(0.343199 2.47067 0.217893)
(-0.648554 0.871699 0.371609)
(-0.323782 2.14773 0.262402)
(0.737566 2.03512 -0.128949)
(0.0427147 0.588236 0.464086)
(-0.492749 1.10917 0.585014)
(-0.757075 0.46875 0.0120554)
(-0.752069 1.68758 0.125125)
(0.34064 1.89379 -0.664902)
(-0.102957 0.946274 0.419634)
(0.558114 0.988508 -0.509833)
(-0.0376844 2.06919 0.479157)
(0.452956 1.04241 0.607688)
(-0.548949 1.45099 -0.509181)
(-0.0419016 0.611754 -0.745148)
(-0.168671 2.08361 -0.728557)
(-0.28962 0.54838 0.0988136)
(-0.405345 0.512733 0.61398)
(-0.291867 3.75 -0.017172)
(0.228696 1.04079 -0.714595)
(0.333856 0.251232 0.683939)
(-0.456093 0.526118 -0.0925151)
(-0.288232 0.982862 -0.396016)
(0.121087 2.26697 -0.43057)
(0.264515 0.248312 0.434159)
(0.185337 2.75695 -0.421623)
(-0.29581 2.7579 -0.351297)
(0.320862 2.08595 0.682862)
(0.524544 2.0988 -0.539505)
(0.220251 0.959314 0.401852)
(0.301459 1.64968 0.346153)
(0.479147 1.46467 -0.598087)
(-0.249707 2.94008 -0.0839939)
(0.0359247 1.43664 -0.768766)
(0.596463 0.247215 0.459847)
(-0.696677 2.27585 -0.262923)
(-0.423674 2.36449 -0.234445)
(0.709219 1.90372 0.28757)
(0.454152 1.896 0.156549)
(-0.579607 2.74092 0.501698)
(-0.183149 1.47901 -0.149191)
(-0.677511 0.851253 -0.340882)
(-0.512076 0.264574 0.0403106)
(-0.0962982 0.242544 0.0900799)
(0.0678563 1.38135 0.482862)
(-0.380294 1.44015 0.26677)
(0.153905 0.978233 0.0488067)
(-0.489035 1.93669 -0.114138)
(0.516903 2.75953 -0.550913)
(-0.563425 2.04866 -0.500479)
(-0.0470795 1.68447 -0.772983)
(-0.669602 0.492733 0.351908)
(0.508926 0.235991 0.023008)
(0.353619 0.527442 -0.250355)
(-0.323485 1.24651 0.688531)
(-0.488268 1.06429 -0.0173154)
(0.508278 1.38231 0.0195308)
(-0.0148411 2.75801 0.756)
(0.722855 2.75632 -0.196914)
(0.378181 0.854947 -0.67799)
(-0.000787014 2.36494 0.48774)
(-0.104737 0.233407 0.504555)
(0.0801832 1.33835 0.0884871)
(0.0823482 3.79701 -0.138036)
(-0.247136 3.33728 0.104628)
(0.597617 2.39997 0.473746)
(0.0954886 0.235896 -0.12378)
(0.727612 1.3645 0.240433)
(-0.441673 0.729395 0.0511253)
(0.0710162 1.85601 0.190146)
(0.751384 2.07467 0.125443)
(-0.500497 2.76021 -0.216832)
(0.00499353 2.36387 0.780815)
(0.0519115 0.980175 -0.167449)
(0.749217 0.705709 -0.134978)
(-0.0354326 2.08621 0.778424)
(-0.164634 3.23914 -0.235958)
(0.428942 1.04384 -0.290124)
(0.140048 1.77739 0.753015)
(0.221751 3.38007 0.181814)
(-0.32285 2.566 0.690989)
(0.629869 2.42378 -0.441783)
(0.753364 1.11791 -0.122606)
(-0.0603463 2.4676 -0.474253)
(-0.51713 1.50516 -0.101198)
(0.467489 1.61589 0.0915531)
(-0.0374688 1.74593 -0.123155)
(0.177409 1.83804 -0.0781122)
(-0.0164392 2.83093 0.282254)
(0.628636 0.904571 0.458559)
(0.393225 2.44627 -0.277664)
(-0.504731 0.852388 0.577213)
(0.347922 1.46233 0.695532)
(0.12288 3.78291 0.23948)
(0.446975 0.245785 -0.60694)
(0.674404 0.231913 -0.38)
(-0.0551936 0.222528 -0.775618)
(-0.700106 1.08872 -0.310726)
(0.490022 0.831533 -0.0742937)
(-0.201433 2.06351 0.0826453)
(-0.769476 0.23534 -0.026999)
(0.787093 1.67375 -0.0252316)
(-0.587651 2.08198 0.506617)
(-0.214083 1.25357 0.0539201)
(0.268251 1.32026 0.357041)
(0.494336 0.980703 0.129647)
(0.278976 2.76334 0.395441)
(-0.0151032 2.44997 -0.779199)
(0.21872 1.83015 -0.468674)
(0.0122092 2.15811 -0.113552)
(-0.759723 2.13347 0.20295)
(0.414619 2.06907 -0.327921)
(-0.186605 0.225156 -0.473287)
(-0.208813 2.4818 0.456316)
(-0.464285 1.73259 0.0798701)
(0.0767168 0.222687 -0.567419)
(0.666832 1.61887 0.410728)
(-0.522587 0.557117 -0.58804)
(0.152648 1.56384 -0.446095)
(-0.0214728 1.07474 0.21297)
(0.479098 1.40201 -0.206722)
(-0.475313 1.74033 -0.272054)
(0.0913649 2.77458 -0.775625)
(0.332054 2.1954 -0.706305)
(-0.474904 2.5171 -0.608278)
(-0.284744 2.61343 0.123217)
(0.473674 1.73437 -0.245598)
(-0.405365 1.95814 -0.672618)
(0.230678 2.36296 0.746251)
(0.787935 2.45572 0.0675415)
(0.318828 0.591982 -0.704146)
(0.488236 0.471603 -0.60746)
(-0.382285 1.35945 -0.677876)
(-0.182375 1.49938 -0.751606)
(0.405396 0.802723 0.341323)
(0.348891 2.09955 0.344201)
(0.14448 0.44876 -0.195832)
(-0.325357 2.02228 -0.400475)
(-0.217614 1.83803 0.0565639)
(0.00142993 1.7627 -0.468949)
(-0.665394 1.71961 0.424699)
(0.465346 1.2135 0.221648)
(-0.0216715 1.1575 0.791474)
(-0.765672 2.06344 -0.182136)
(0.702397 2.78103 0.326563)
(-0.393655 1.15885 0.302372)
(0.719152 1.03472 -0.331318)
(-0.0387553 0.927638 0.795876)
(0.467582 2.77843 0.227186)
(0.0516808 2.07048 -0.518005)
(-0.343427 0.780891 -0.713545)
(0.726538 0.553199 0.311972)
(-0.274303 0.728958 -0.383699)
(0.711424 2.16718 0.344587)
(0.760413 2.25885 -0.23359)
(0.545521 2.0394 -0.0112336)
(-0.126541 0.846181 -0.788673)
(-0.485032 2.16341 0.105222)
(0.13103 2.53976 0.0862781)
(-0.774681 2.44107 -0.0819569)
(0.212058 2.27226 0.444223)
(0.387659 2.50725 -0.689358)
(0.405401 0.620875 0.657084)
(0.540542 1.78423 0.588169)
(-0.21239 1.40988 0.456684)
(0.483495 0.21945 -0.237512)
(-0.381575 0.52321 0.313646)
(-0.293857 2.26927 -0.392167)
(-0.169436 3.50068 0.227026)
(-0.547342 1.66622 -0.574028)
(-0.735233 2.76406 -0.256116)
(0.124882 0.479634 0.215261)
(-0.640636 1.25039 -0.45775)
(0.14047 1.99089 0.596164)
(-0.206009 1.84878 0.503743)
(0.652636 1.31163 -0.461903)
(-0.574902 1.46594 0.547403)
(-0.145808 2.79979 -0.512464)
(-0.242056 1.72841 -0.489382)
(0.393987 2.78776 -0.337594)
(-0.0652968 1.22631 -0.205663)
(0.319763 1.37504 -0.721997)
(0.468011 2.31113 0.307835)
(0.208747 1.53279 0.0702469)
(0.0827377 0.774657 -0.290852)
(0.263683 0.200399 -0.75204)
(0.461968 0.571248 0.213297)
(0.100793 2.86734 -0.243313)
(-0.401188 0.908021 0.220959)
(-0.450339 2.3886 0.313242)
(0.162514 0.845076 0.763705)
(-0.000412315 1.351 -0.498385)
(-0.157246 0.712596 0.474785)
(-0.270712 3.0785 0.140445)
(0.13826 0.684998 0.131188)
(0.116467 1.11951 -0.473721)
(-0.136827 0.19819 -0.121357)
(0.638091 0.749645 -0.475394)
(0.0034042 1.2183 -0.787278)
(0.758637 1.5225 -0.236632)
(0.0727243 0.418508 -0.775066)
(0.197707 2.26713 0.00615595)
(-0.794716 0.828042 0.0560485)
(0.088334 2.64077 0.280918)
(-0.363752 0.941706 0.716666)
(0.271631 2.86585 0.0181125)
(0.444834 1.68947 -0.672836)
(-0.253367 0.36539 -0.757114)
(0.1592 1.52331 0.781328)
(0.108075 0.556197 -0.594221)
(0.332492 2.26382 -0.379385)
(0.0821688 3.16793 0.291046)
(-0.743207 0.204336 -0.277757)
(-0.760736 0.513115 -0.205245)
(-0.75846 0.994744 0.231238)
(0.377944 1.21574 -0.171828)
(0.188144 1.16386 -0.0535654)
(-0.0523113 0.93055 0.0134486)
(-0.397552 2.50979 -0.0768187)
(-0.461619 1.20364 -0.281744)
(-0.394954 1.91691 0.699031)
(0.690118 2.16524 -0.412183)
(0.149734 1.50016 -0.144256)
(0.0822722 0.467359 0.802343)
(-0.0365578 0.660259 0.00931035)
(0.0413268 2.69731 -0.127444)
(0.176821 1.70673 -0.790107)
(-0.290953 3.30525 -0.0950295)
(-0.333324 0.200615 0.44085)
(0.316805 3.82747 0.0747356)
(0.206908 0.773349 -0.465843)
(-0.161313 2.13889 -0.498176)
(0.329381 0.686509 -0.0901548)
(-0.770788 1.55435 -0.0991389)
(0.634356 1.68959 -0.511563)
(0.268878 3.21169 -0.144705)
(-0.498859 0.20983 0.617422)
(-0.747404 1.56443 0.308416)
(-0.590589 1.86401 0.558455)
(-0.288059 3.59758 0.104948)
(0.741611 0.252535 0.303422)
(0.0198285 3.07709 -0.0324071)
(-0.0573615 1.51433 0.360747)
(0.565632 1.02128 -0.13059)
(0.801041 1.46067 0.0683773)
(0.606498 1.87206 -0.152172)
(-0.0544721 1.92013 -0.795412)
(0.325718 0.502528 -0.471591)
(-0.00571289 3.66041 0.000644462)
(0.149792 0.225021 0.789653)
(0.292815 0.452476 0.753134)
(0.056072 0.40696 -0.449816)
(0.440964 0.21472 0.310234)
(0.432749 1.05794 -0.66556)
(0.189705 3.39936 -0.244591)
(-0.49299 0.197968 0.256219)
(-0.198866 1.10597 -0.76898)
(0.111525 0.198835 0.0847821)
(0.109936 2.06707 0.218663)
(-0.153257 0.875011 0.227374)
(0.584837 1.89824 -0.540551)
(0.286585 1.23374 -0.430544)
(0.288716 3.58002 -0.0995751)
(0.407123 1.6626 0.693152)
(-0.537389 0.867229 -0.0786896)
(-0.239188 2.04844 0.429399)
(0.154318 0.769363 0.471805)
(-0.290474 2.25192 -0.75689)
(-0.150563 0.749194 0.785839)
(-0.527554 0.741794 0.242236)
(0.789124 0.757777 0.103458)
(0.159631 2.57251 -0.784541)
(-0.613293 1.26425 0.51874)
(0.495537 1.97975 0.643652)
(0.428747 2.53147 -0.481212)
(-0.686579 0.204592 0.408166)
(0.322867 1.63858 -0.352433)
(0.363667 0.416672 0.329862)
(0.783639 0.493671 -0.146952)
(-0.0400794 3.62522 -0.320251)
(-0.47721 2.0179 0.310053)
(0.741639 2.5662 0.269592)
(0.289981 2.80105 0.730405)
(0.524014 1.34416 0.599189)
(-0.466758 2.31727 -0.664787)
(-0.139598 2.78949 -0.774346)
(0.2542 0.542331 0.529441)
(0.298202 3.55321 0.118743)
(0.808058 1.06673 0.0921106)
(0.0666367 1.65113 0.165323)
(-0.396981 1.75369 -0.700217)
(0.431005 2.61487 -0.154365)
(-0.034575 1.93108 -0.214621)
(0.144704 1.79079 0.547536)
(0.0756059 0.188621 0.595064)
(0.37301 1.91751 0.437591)
(-0.65679 2.54455 -0.43151)
(-0.761615 1.24295 0.262672)
(0.303304 3.06352 0.0507283)
(-0.0962175 2.21547 0.631313)
(-0.500012 1.12591 -0.653406)
(-0.0231192 3.82016 -0.302219)
(0.306172 0.971651 0.214404)
(-0.503143 1.48682 0.108573)
(0.585805 2.5908 0.558936)
(0.18928 0.948094 -0.316395)
(-0.135771 0.973583 -0.533096)
(-0.0838891 2.2479 -0.816532)
(0.0414343 1.30256 0.286065)
(-0.212597 2.82635 0.34)
(0.479049 1.78925 -0.0157668)
(-0.603297 0.512806 0.54599)
(0.528705 0.835675 0.624588)
(-0.0185878 1.43065 0.811172)
(0.292021 1.18373 0.753286)
(0.395445 1.21359 0.030756)
(0.625245 1.09969 0.515964)
(-0.577471 2.44453 0.582891)
(-0.0051687 3.26681 0.000403097)
(0.284648 3.80162 -0.123872)
(0.114848 3.07593 -0.290321)
(0.40589 2.26773 0.710565)
(0.159392 2.03372 0.792964)
(0.740589 1.1774 0.31728)
(-0.78818 1.85546 -0.134645)
(-0.239064 1.14752 -0.543081)
(-0.786173 1.15902 -0.124747)
(0.794286 1.76171 0.172397)
(0.797178 0.908425 -0.193659)
(-0.0426601 1.17373 0.591848)
(0.687995 2.74606 -0.428134)
(-0.425402 2.76078 0.660489)
(0.0713494 0.879844 -0.805023)
(-0.0685095 1.3494 -0.0465699)
(-0.227075 2.79656 0.739211)
(0.765001 1.31866 -0.296046)
(-0.199477 1.9074 0.777653)
(-0.174876 2.44408 0.0516082)
(-0.679584 1.72398 -0.42397)
(-0.384109 2.59947 -0.258106)
(-0.486584 2.34103 -0.0110131)
(0.0245099 2.56419 0.811064)
(0.388181 0.189308 -0.417696)
(-0.213206 1.58549 0.792261)
(0.264585 1.36473 0.162433)
(-0.322432 2.55547 0.310115)
(-0.448805 2.1056 0.668838)
(-0.512544 0.691165 -0.311695)
(-0.375303 1.37664 -0.0387421)
(-0.151298 0.419563 0.172676)
(0.148749 0.414319 0.407224)
(0.604879 0.416862 0.0121364)
(0.304871 1.83072 -0.289101)
(0.325422 0.956423 0.734663)
(-0.377778 1.51887 0.448682)
(0.612277 0.333441 -0.5398)
(0.527089 2.81899 -0.183516)
(0.167347 2.03322 -0.116541)
(-0.820191 0.654656 -0.0549726)
(-0.105344 2.82769 -0.161912)
(-0.277112 1.17574 -0.350276)
(0.550494 2.35131 -0.113534)
(-0.648478 1.01797 0.504489)
(-0.0597913 3.83012 0.277451)
(-0.0549775 1.71277 0.554767)
(-0.499381 0.899285 -0.643567)
(0.0206827 0.706619 -0.495492)
(0.416637 2.46759 0.421556)
(-0.135916 1.04429 -0.237673)
(0.0637678 0.978247 0.52249)
(-0.275091 0.446793 0.760264)
(0.043176 0.618509 -0.174254)
(-0.811724 2.62064 0.127476)
(0.304389 1.13719 0.422978)
(0.619014 2.20818 0.518225)
(-0.239587 0.187114 -0.66403)
(-0.750268 2.26689 0.347431)
(-0.112363 3.82262 -0.00288505)
(0.510007 0.413596 -0.205872)
(-0.517302 1.07034 0.177316)
(0.485005 0.684851 -0.246848)
(0.617229 2.79732 0.518642)
(0.686538 1.80878 0.45848)
(0.799197 1.83222 -0.141717)
(0.147703 0.606239 -0.803828)
(0.524088 2.33425 0.119028)
(-0.263001 3.83301 0.147731)
(-0.0265406 2.55413 0.440221)
(-0.0648876 0.416687 0.578761)
(0.189467 3.83557 -0.275981)
(-0.224225 0.174463 0.782691)
(0.641643 0.450348 0.472195)
(-0.326185 1.61472 -0.147932)
(-0.705203 0.684367 0.391666)
(0.0942605 2.51439 -0.588695)
(-0.731886 2.05383 0.378623)
(-0.658182 0.704093 -0.478616)
(-0.714551 2.10611 -0.375398)
(0.0735998 2.72643 0.105023)
(0.205549 2.38658 -0.276531)
(0.222319 1.3427 -0.234561)
(-0.0521003 1.51673 0.555629)
(-0.225631 0.408755 -0.224308)
(0.64473 0.55601 -0.519001)
(0.324109 2.60172 0.0113443)
(0.562276 2.0849 -0.200683)
(0.81357 0.185694 -0.0862819)
(-0.576238 2.328 0.161575)
(-0.160973 1.6571 -0.00117875)
(0.14799 1.21145 0.575252)
(0.554793 1.22209 -0.0805393)
(0.0244808 0.666379 0.820987)
(-0.80631 1.86666 0.183772)
(0.436085 0.845839 -0.422434)
(0.0981472 2.45034 0.632697)
(-0.614074 0.633604 0.0354952)
(-0.171979 2.52023 0.810437)
(0.519408 1.60559 0.284852)
(-0.259177 3.82464 -0.182927)
(0.315865 3.25133 0.0502399)
(-0.794712 0.445553 0.205409)
(-0.189047 2.6004 -0.269988)
(0.589649 1.76175 0.191002)
(-0.154889 1.46491 0.0828685)
(-0.239993 1.68066 -0.786799)
(-0.406156 2.14477 0.436814)
(-0.167288 2.58395 -0.793239)
(-0.577795 2.58185 -0.0265915)
(0.231115 1.41538 -0.542288)
(-0.0298292 1.17968 -0.584841)
(0.745967 2.56253 -0.342565)
(-0.208874 3.2206 0.247316)
(-0.131618 0.17079 0.292256)
(-0.255013 0.443699 -0.519591)
(-0.570582 1.87822 -0.612347)
(0.301795 1.85593 0.268686)
(-0.0685894 1.94089 -0.596158)
(0.429895 0.399201 0.107352)
(-0.351832 2.05268 -0.0399868)
(0.749111 0.413588 -0.329946)
(-0.517054 2.57204 0.303352)
(-0.335194 3.09978 -0.0259848)
(0.689572 1.43502 0.46279)
(-0.689489 2.79616 -0.450888)
(-0.224606 1.39418 0.796425)
(-0.506931 0.673831 0.655226)
(-0.332139 0.194645 0.0784227)
(0.250515 0.902758 -0.139357)
(0.825583 1.27103 0.085766)
(0.200786 1.93946 -0.788087)
(0.603898 2.64084 -0.0633567)
(0.410967 1.95371 -0.481235)
(-0.483747 0.414264 -0.462086)
(-0.38224 0.910961 0.029671)
(-0.821242 2.27693 0.0910887)
(-0.0216655 1.8792 0.462078)
(-0.419834 2.39918 0.701794)
(-0.0415494 1.78168 0.812994)
(0.152475 0.175049 0.273701)
(-0.520135 0.175623 -0.138431)
(0.512831 0.186004 0.628891)
(-0.0772836 2.82455 0.581558)
(-0.259642 2.23516 -0.205729)
(0.316422 1.43953 0.498405)
(0.252792 0.170874 -0.216438)
(-0.583197 1.88185 0.110809)
(0.595464 0.179697 0.191755)
(0.749237 0.7953 0.355821)
(0.610627 0.718172 0.0315525)
(-0.227816 0.903778 0.558923)
(0.386952 1.70415 0.50792)
(0.0526654 2.80996 -0.57208)
(0.752226 0.767193 -0.319206)
(0.126821 2.22181 0.821798)
(-0.266757 3.0863 -0.199844)
(0.790485 0.408765 0.199724)
(-0.486996 1.33719 0.655713)
(-0.2568 1.85239 -0.343851)
(0.042158 2.21236 0.381778)
(0.0572318 3.81952 0.0705968)
(-0.502577 2.16411 -0.0873219)
(-0.709145 2.61457 0.426712)
)


// ************************************************************************* //
